,fold,feature_name,feature,loss,acc,idx,class
0,train,energy,2.8583593368530273,2.906288,0.0,1831.0,27.0
1,train,energy,1.7444623708724976,2.7872186,0.0,1429.0,15.0
2,train,energy,2.4630613327026367,3.6656103,0.0,2160.0,16.0
3,train,energy,4.035290241241455,0.6498686,1.0,1066.0,48.0
4,train,energy,1.9179621934890747,3.970755,0.0,1824.0,10.0
5,train,energy,2.284149169921875,9.269756,0.0,2456.0,26.0
6,train,energy,6.464244842529297,0.0071474575,1.0,429.0,18.0
7,train,energy,2.7594339847564697,1.6308019,1.0,2074.0,19.0
8,train,energy,4.455583572387695,2.0882602,0.0,1819.0,52.0
9,train,energy,2.860839366912842,3.825409,0.0,1154.0,32.0
10,train,energy,2.8537471294403076,0.023603644,1.0,540.0,22.0
11,train,energy,2.9274306297302246,1.5212681,0.0,386.0,6.0
12,train,energy,5.7804484367370605,3.0156193,0.0,2975.0,54.0
13,train,energy,1.8746788501739502,0.43440202,1.0,2562.0,60.0
14,train,energy,4.8215460777282715,2.3428745,0.0,3284.0,52.0
15,train,energy,3.4817557334899902,0.5828005,1.0,1500.0,46.0
16,train,energy,3.6659204959869385,0.68492883,1.0,1920.0,36.0
17,train,energy,3.9217073917388916,1.346931,1.0,1123.0,49.0
18,train,energy,4.672187328338623,2.9791093,0.0,473.0,59.0
19,train,energy,6.7516703605651855,0.116380684,1.0,1026.0,4.0
20,train,energy,3.554142951965332,3.3761954,0.0,3191.0,54.0
21,train,energy,3.3354103565216064,0.59388983,1.0,1080.0,1.0
22,train,energy,2.282081127166748,5.3366156,0.0,3180.0,19.0
23,train,energy,5.011123180389404,6.227947,0.0,1047.0,38.0
24,train,energy,5.274158000946045,1.0264704,1.0,2033.0,53.0
25,train,energy,2.452500820159912,1.7701416,0.0,2795.0,16.0
26,train,energy,5.486732482910156,7.36601,0.0,1738.0,38.0
27,train,energy,2.0168771743774414,2.773117,0.0,3446.0,39.0
28,train,energy,3.336716651916504,0.22876109,1.0,1533.0,22.0
29,train,energy,3.425283908843994,0.9505155,1.0,3163.0,27.0
30,train,energy,4.311322212219238,0.51894534,1.0,2709.0,51.0
31,train,energy,3.8192121982574463,3.1321461,0.0,100.0,64.0
32,train,energy,2.02083420753479,3.9668267,0.0,2503.0,21.0
33,train,energy,1.8877168893814087,3.2239108,0.0,1993.0,43.0
34,train,energy,4.1263837814331055,4.9798846,0.0,2534.0,7.0
35,train,energy,4.429073333740234,1.6196029,1.0,1134.0,22.0
36,train,energy,2.76080584526062,0.9759309,1.0,1621.0,26.0
37,train,energy,2.1666970252990723,7.7873497,0.0,2028.0,46.0
38,train,energy,5.546932220458984,1.7044494,0.0,1162.0,13.0
39,train,energy,4.753812789916992,2.483624,0.0,230.0,3.0
40,train,energy,1.5792920589447021,3.1921995,0.0,2389.0,35.0
41,train,energy,2.4360010623931885,1.7958547,0.0,1166.0,15.0
42,train,energy,3.1165151596069336,0.8641324,1.0,3042.0,58.0
43,train,energy,4.25554895401001,2.9584618,0.0,485.0,41.0
44,train,energy,3.3125667572021484,3.7227077,0.0,3196.0,15.0
45,train,energy,6.8824944496154785,0.44684443,1.0,1560.0,9.0
46,train,energy,3.7145087718963623,2.1038067,0.0,2200.0,12.0
47,train,energy,2.6842222213745117,1.7791135,0.0,1803.0,3.0
48,train,energy,2.9058942794799805,0.3118429,1.0,3372.0,44.0
49,train,energy,3.307643413543701,4.103668,0.0,672.0,21.0
50,train,energy,2.739469528198242,3.0236583,0.0,2519.0,6.0
51,train,energy,3.0029425621032715,4.4752584,0.0,3221.0,28.0
52,train,energy,6.889145374298096,4.0185757,0.0,876.0,19.0
53,train,energy,3.7925169467926025,2.1567526,0.0,810.0,17.0
54,train,energy,0.9169113039970398,2.5509593,0.0,3314.0,31.0
55,train,energy,3.1142146587371826,0.026414813,1.0,2779.0,14.0
56,train,energy,2.91048526763916,5.1696973,0.0,2421.0,40.0
57,train,energy,3.0397469997406006,2.609764,0.0,1531.0,13.0
58,train,energy,1.8201441764831543,0.23875731,1.0,807.0,61.0
59,train,energy,2.7661349773406982,4.033439,0.0,754.0,28.0
60,train,energy,4.491715908050537,1.5527349,0.0,2734.0,15.0
61,train,energy,2.378936767578125,1.499984,1.0,1399.0,49.0
62,train,energy,3.270569324493408,2.0897653,0.0,816.0,46.0
63,train,energy,2.443925380706787,0.9670893,1.0,2080.0,32.0
64,train,energy,4.542226314544678,2.0498672,0.0,2605.0,41.0
65,train,energy,2.038126230239868,2.0264168,0.0,421.0,5.0
66,train,energy,3.6469035148620605,6.3853874,0.0,2693.0,55.0
67,train,energy,5.666426181793213,0.09167433,1.0,2883.0,56.0
68,train,energy,3.377303123474121,0.015727058,1.0,1289.0,9.0
69,train,energy,3.4487228393554688,4.893765,0.0,2704.0,35.0
70,train,energy,3.6772358417510986,1.9843044,0.0,305.0,43.0
71,train,energy,2.7034382820129395,1.8862721,0.0,743.0,30.0
72,train,energy,6.661256790161133,0.57731444,1.0,412.0,1.0
73,train,energy,2.9820961952209473,2.3678615,0.0,1627.0,47.0
74,train,energy,3.2257604598999023,5.782835,0.0,2928.0,32.0
75,train,energy,2.497741460800171,1.5437095,0.0,1083.0,54.0
76,train,energy,3.212446928024292,2.6019697,0.0,1833.0,7.0
77,train,energy,3.290323257446289,1.0608792,1.0,1673.0,53.0
78,train,energy,3.2073557376861572,4.5818477,0.0,879.0,21.0
79,train,energy,5.2517805099487305,0.570459,1.0,2091.0,1.0
80,train,energy,2.8500242233276367,2.2743373,0.0,68.0,16.0
81,train,energy,2.7800490856170654,3.0012465,0.0,886.0,33.0
82,train,energy,4.127650260925293,3.2786489,0.0,2044.0,59.0
83,train,energy,2.6721079349517822,3.64434,0.0,350.0,2.0
84,train,energy,3.0659725666046143,1.1195891,1.0,2424.0,6.0
85,train,energy,5.32680606842041,2.225899,0.0,145.0,19.0
86,train,energy,4.189783096313477,0.8512142,1.0,411.0,45.0
87,train,energy,3.919893980026245,3.1938887,0.0,673.0,5.0
88,train,energy,6.432894229888916,0.6836829,1.0,1562.0,36.0
89,train,energy,3.978548049926758,1.1245235,1.0,2228.0,60.0
90,train,energy,2.718911647796631,1.4269835,1.0,2242.0,64.0
91,train,energy,2.819216012954712,3.758831,0.0,375.0,47.0
92,train,energy,5.05313777923584,1.9761425,1.0,2377.0,3.0
93,train,energy,2.1870951652526855,1.6064458,1.0,1173.0,5.0
94,train,energy,3.102193832397461,2.0387173,0.0,1928.0,24.0
95,train,energy,2.677670478820801,0.8809415,1.0,188.0,62.0
96,train,energy,6.30830717086792,0.22423482,1.0,3054.0,61.0
97,train,energy,3.1426448822021484,1.1887645,1.0,985.0,14.0
98,train,energy,5.096563816070557,1.2756094,1.0,1183.0,63.0
99,train,energy,4.357221603393555,2.4191368,0.0,14.0,23.0
100,train,energy,3.3931002616882324,2.6530359,1.0,1902.0,42.0
101,train,energy,4.541402339935303,2.4147573,0.0,1666.0,46.0
102,train,energy,2.874501943588257,3.1343703,0.0,606.0,42.0
103,train,energy,2.6772570610046387,0.40458113,1.0,444.0,22.0
104,train,energy,2.1825249195098877,0.8730329,1.0,3097.0,41.0
105,train,energy,4.685901641845703,0.1671078,1.0,1448.0,55.0
106,train,energy,2.9180784225463867,1.8246535,1.0,1964.0,53.0
107,train,energy,2.0447728633880615,3.2464695,0.0,1425.0,52.0
108,train,energy,5.8395676612854,1.3969533,1.0,1188.0,25.0
109,train,energy,8.299521446228027,2.1638038,0.0,2652.0,25.0
110,train,energy,3.1457760334014893,3.1177297,0.0,513.0,12.0
111,train,energy,2.693976640701294,3.2289488,0.0,26.0,46.0
112,train,energy,3.2789559364318848,0.47056967,1.0,1828.0,0.0
113,train,energy,2.689197540283203,3.787222,0.0,3478.0,27.0
114,train,energy,8.760188102722168,0.7018993,1.0,1189.0,56.0
115,train,energy,2.087559223175049,4.186426,0.0,309.0,52.0
116,train,energy,2.479166030883789,1.3961543,1.0,630.0,42.0
117,train,energy,2.658064365386963,2.1321645,1.0,3348.0,10.0
118,train,energy,2.3679895401000977,1.905933,0.0,96.0,21.0
119,train,energy,2.279010057449341,2.962962,0.0,3123.0,6.0
120,train,energy,2.8432059288024902,4.3844166,0.0,2594.0,39.0
121,train,energy,2.189081907272339,2.6259367,0.0,2149.0,52.0
122,train,energy,4.71729850769043,5.322684,0.0,1300.0,39.0
123,train,energy,2.9061717987060547,2.2366772,1.0,596.0,15.0
124,train,energy,2.440380811691284,1.427135,0.0,1335.0,41.0
125,train,energy,2.4794793128967285,1.5450475,0.0,3078.0,61.0
126,train,energy,2.7575998306274414,2.1509838,0.0,1070.0,61.0
127,train,energy,4.399844169616699,5.3736277,0.0,3006.0,52.0
128,train,energy,2.4595909118652344,0.010155435,1.0,2581.0,56.0
129,train,energy,1.8736331462860107,0.53498626,1.0,111.0,7.0
130,train,energy,3.7337639331817627,1.8007872,1.0,175.0,60.0
131,train,energy,2.857513904571533,0.59527373,1.0,1919.0,14.0
132,train,energy,2.851510524749756,2.7179222,0.0,652.0,43.0
133,train,energy,5.732622146606445,0.6005653,1.0,1483.0,22.0
134,train,energy,2.213726282119751,0.50995696,1.0,3122.0,7.0
135,train,energy,6.883971214294434,0.009745166,1.0,3417.0,8.0
136,train,energy,2.4554598331451416,1.4826714,1.0,1302.0,63.0
137,train,energy,7.86869478225708,0.40501854,1.0,1662.0,10.0
138,train,energy,2.0094127655029297,0.030494997,1.0,2048.0,22.0
139,train,energy,4.881810188293457,2.275783,0.0,1017.0,30.0
140,train,energy,4.834916591644287,2.0585225,0.0,897.0,40.0
141,train,energy,5.639738082885742,5.715461,0.0,3110.0,55.0
142,train,energy,4.68562650680542,2.341104,0.0,3421.0,44.0
143,train,energy,4.082909107208252,3.853436,0.0,2601.0,4.0
144,train,energy,3.147900342941284,0.41427746,1.0,2597.0,29.0
145,train,energy,2.3881797790527344,0.045438703,1.0,2813.0,8.0
146,train,energy,3.408473014831543,3.8158286,0.0,598.0,30.0
147,train,energy,2.858090400695801,1.9131187,1.0,3231.0,54.0
148,train,energy,2.075216293334961,1.6957031,0.0,1577.0,26.0
149,train,energy,3.1601200103759766,2.12196,0.0,725.0,31.0
150,train,energy,2.4967308044433594,2.0618048,0.0,2065.0,51.0
151,train,energy,1.884390950202942,0.18789318,1.0,148.0,28.0
152,train,energy,4.159170150756836,3.0112896,0.0,2777.0,12.0
153,train,energy,3.5644702911376953,0.9767442,1.0,1003.0,50.0
154,train,energy,3.9413723945617676,2.4487677,0.0,1701.0,5.0
155,train,energy,3.8435726165771484,2.013079,1.0,300.0,42.0
156,train,energy,3.99027419090271,1.1555738,0.0,3480.0,46.0
157,train,energy,3.5485663414001465,4.049135,0.0,2281.0,39.0
158,train,energy,4.5703887939453125,1.627945,0.0,1182.0,50.0
159,train,energy,3.595302104949951,1.4937943,1.0,1583.0,30.0
160,train,energy,10.399168968200684,3.8105867,0.0,311.0,43.0
161,train,energy,2.785675048828125,1.459786,1.0,507.0,48.0
162,train,energy,2.748473882675171,0.062232904,1.0,2690.0,9.0
163,train,energy,9.308204650878906,2.1516232,0.0,2794.0,30.0
164,train,energy,1.6129913330078125,2.3762903,0.0,799.0,12.0
165,train,energy,2.5483241081237793,2.9564927,0.0,2324.0,31.0
166,train,energy,8.470236778259277,0.6406698,1.0,2372.0,30.0
167,train,energy,2.4458680152893066,0.8955209,1.0,1334.0,23.0
168,train,energy,3.5416793823242188,0.89288425,0.0,809.0,22.0
169,train,energy,2.983062267303467,0.31351575,1.0,3107.0,9.0
170,train,energy,2.1938347816467285,0.28661114,1.0,1380.0,23.0
171,train,energy,5.4663496017456055,0.8696016,1.0,3187.0,61.0
172,train,energy,2.3841054439544678,0.045001406,1.0,2672.0,0.0
173,train,energy,8.09114933013916,1.8294618,0.0,2997.0,1.0
174,train,energy,2.7957656383514404,3.6041498,0.0,1977.0,54.0
175,train,energy,2.7045559883117676,0.097177655,1.0,3245.0,7.0
176,train,energy,3.1715850830078125,5.159475,0.0,2780.0,53.0
177,train,energy,3.6729536056518555,3.6416526,0.0,3298.0,17.0
178,train,energy,2.9944138526916504,2.6787574,0.0,2905.0,2.0
179,train,energy,2.0631206035614014,1.3500224,1.0,2167.0,61.0
180,train,energy,3.01287579536438,0.029124666,1.0,2589.0,29.0
181,train,energy,3.262718677520752,0.77290606,1.0,1398.0,16.0
182,train,energy,4.246733665466309,1.7440599,1.0,953.0,63.0
183,train,energy,4.284855365753174,0.89569646,1.0,1052.0,11.0
184,train,energy,2.837406873703003,1.3947884,1.0,1883.0,39.0
185,train,energy,4.295756816864014,1.7296605,0.0,1459.0,37.0
186,train,energy,1.3365095853805542,1.0962603,1.0,164.0,7.0
187,train,energy,3.1298012733459473,0.44942915,1.0,1107.0,58.0
188,train,energy,4.23903226852417,1.2909698,1.0,1251.0,48.0
189,train,energy,4.714914321899414,0.28251436,1.0,566.0,1.0
190,train,energy,3.3207273483276367,1.396269,1.0,599.0,61.0
191,train,energy,5.902355670928955,0.5210141,1.0,1649.0,56.0
192,train,energy,3.080371379852295,0.19071202,1.0,774.0,9.0
193,train,energy,1.4427566528320312,4.2892427,0.0,316.0,31.0
194,train,energy,2.680912971496582,1.7626003,0.0,2468.0,59.0
195,train,energy,3.0225512981414795,2.739501,0.0,1760.0,51.0
196,train,energy,1.8763418197631836,0.5221883,1.0,2528.0,58.0
197,train,energy,2.296985387802124,0.3926064,1.0,2821.0,48.0
198,train,energy,1.7580738067626953,6.56806,0.0,1121.0,11.0
199,train,energy,2.932396650314331,12.300979,0.0,3074.0,57.0
200,train,energy,1.969017744064331,2.6544347,0.0,1689.0,5.0
201,train,energy,4.022346019744873,0.8310306,1.0,283.0,63.0
202,train,energy,2.5910210609436035,0.6841435,1.0,2518.0,59.0
203,train,energy,5.541889190673828,0.0017310886,1.0,261.0,18.0
204,train,energy,3.839966297149658,0.332625,1.0,2102.0,44.0
205,train,energy,2.378634452819824,4.4681883,0.0,1061.0,3.0
206,train,energy,3.293250560760498,3.7776449,0.0,1149.0,58.0
207,train,energy,3.227433681488037,2.5796335,0.0,3426.0,32.0
208,train,energy,2.236330509185791,2.504822,0.0,1406.0,48.0
209,train,energy,5.128177642822266,4.2563295,0.0,2137.0,64.0
210,train,energy,6.6428117752075195,0.9428993,1.0,2113.0,53.0
211,train,energy,2.9593987464904785,4.87659,0.0,523.0,39.0
212,train,energy,2.724015951156616,0.580175,1.0,3246.0,7.0
213,train,energy,2.50474214553833,1.8397498,1.0,1811.0,59.0
214,train,energy,2.953023910522461,1.504577,0.0,1909.0,24.0
215,train,energy,2.5827596187591553,1.3118666,1.0,2898.0,14.0
216,train,energy,6.338406085968018,1.0198684,0.0,3146.0,62.0
217,train,energy,5.640610218048096,2.6579201,0.0,2673.0,16.0
218,train,energy,2.5278406143188477,4.572638,0.0,347.0,21.0
219,train,energy,3.678940773010254,2.3383374,0.0,1714.0,45.0
220,train,energy,3.2370927333831787,3.0538206,0.0,1075.0,54.0
221,train,energy,4.121587753295898,0.87261343,1.0,3063.0,60.0
222,train,energy,2.351332902908325,0.0798156,1.0,2166.0,22.0
223,train,energy,8.044782638549805,2.5886488,0.0,1153.0,32.0
224,train,energy,2.6836094856262207,3.6648579,0.0,72.0,44.0
225,train,energy,4.389760971069336,2.4031482,0.0,50.0,59.0
226,train,energy,4.591267108917236,2.7308197,0.0,3235.0,48.0
227,train,energy,2.4305670261383057,5.163115,0.0,2920.0,5.0
228,train,energy,3.0696287155151367,1.9608456,1.0,612.0,25.0
229,train,energy,4.379363059997559,0.35490158,1.0,2502.0,22.0
230,train,energy,3.745393753051758,0.56742024,1.0,2730.0,61.0
231,train,energy,2.8729801177978516,0.6386972,1.0,1054.0,53.0
232,train,energy,2.139918804168701,1.5659499,1.0,1567.0,30.0
233,train,energy,3.2494263648986816,3.2737966,0.0,3316.0,13.0
234,train,energy,1.8932063579559326,4.915168,0.0,1141.0,35.0
235,train,energy,2.3104238510131836,4.479553,0.0,3007.0,48.0
236,train,energy,2.217930793762207,0.04155331,1.0,2230.0,49.0
237,train,energy,3.2777605056762695,0.80566865,1.0,2744.0,14.0
238,train,energy,2.1975345611572266,2.077739,0.0,2572.0,31.0
239,train,energy,4.074733734130859,4.674022,0.0,383.0,38.0
240,train,energy,2.763930559158325,0.93589574,1.0,2903.0,38.0
241,train,energy,3.840075969696045,1.684131,0.0,2571.0,5.0
242,train,energy,2.524256706237793,0.31269747,1.0,3321.0,55.0
243,train,energy,4.190814018249512,3.8095012,0.0,3154.0,20.0
244,train,energy,2.889537811279297,2.7024863,0.0,3431.0,45.0
245,train,energy,3.5931477546691895,3.1180167,0.0,1699.0,15.0
246,train,energy,2.5672309398651123,3.1680427,0.0,1252.0,19.0
247,train,energy,6.455963611602783,4.6986513,0.0,295.0,46.0
248,train,energy,4.928189754486084,1.6868033,0.0,92.0,48.0
249,train,energy,3.6665093898773193,1.630584,0.0,280.0,50.0
250,train,energy,3.0174601078033447,0.05424578,1.0,1896.0,22.0
251,train,energy,5.318941593170166,3.8542476,0.0,727.0,48.0
252,train,energy,7.327742576599121,0.04806211,1.0,1403.0,1.0
253,train,energy,3.4657607078552246,4.5257444,0.0,3003.0,33.0
254,train,energy,8.278575897216797,1.9668404,0.0,488.0,52.0
255,train,energy,3.8435356616973877,0.5960043,1.0,554.0,62.0
256,train,energy,2.237264394760132,5.1049075,0.0,2256.0,21.0
257,train,energy,2.9879631996154785,0.2676544,1.0,416.0,29.0
258,train,energy,2.3008248805999756,4.7978654,0.0,2105.0,56.0
259,train,energy,4.316824436187744,2.3441234,0.0,2409.0,2.0
260,train,energy,1.2501609325408936,5.6172657,0.0,627.0,27.0
261,train,energy,2.9186978340148926,1.7701755,1.0,3117.0,59.0
262,train,energy,2.0947890281677246,2.3169827,0.0,1384.0,0.0
263,train,energy,1.9853854179382324,1.9796822,0.0,1591.0,27.0
264,train,energy,1.9057774543762207,0.9872374,0.0,1670.0,50.0
265,train,energy,3.745821714401245,1.9416342,0.0,1435.0,32.0
266,train,energy,4.916806221008301,2.49228,0.0,1115.0,5.0
267,train,energy,2.6320626735687256,0.08913368,1.0,608.0,4.0
268,train,energy,2.5632119178771973,2.5877569,0.0,2923.0,56.0
269,train,energy,4.786930084228516,2.9037342,0.0,1715.0,11.0
270,train,energy,4.7316389083862305,1.1622236,1.0,2383.0,29.0
271,train,energy,6.040477752685547,1.8357133,1.0,428.0,27.0
272,train,energy,2.3706464767456055,1.4418278,1.0,2412.0,21.0
273,train,energy,3.804440975189209,3.7653408,0.0,1030.0,42.0
274,train,energy,4.221494197845459,0.0042228815,1.0,892.0,8.0
275,train,energy,2.8586318492889404,2.4444678,0.0,2172.0,42.0
276,train,energy,3.3488495349884033,1.1605437,1.0,152.0,23.0
277,train,energy,5.0253190994262695,3.190365,0.0,2736.0,31.0
278,train,energy,3.391648769378662,2.3427558,0.0,739.0,14.0
279,train,energy,3.0541720390319824,3.8126833,0.0,3214.0,20.0
280,train,energy,5.650423049926758,2.185971,0.0,1588.0,24.0
281,train,energy,3.5753071308135986,0.61174995,1.0,2406.0,63.0
282,train,energy,3.236366033554077,0.7410973,1.0,696.0,21.0
283,train,energy,3.123304605484009,0.9944931,1.0,2687.0,53.0
284,train,energy,2.291734457015991,0.92400604,1.0,3174.0,29.0
285,train,energy,2.3817691802978516,2.246609,0.0,3083.0,34.0
286,train,energy,3.7352535724639893,2.1605315,0.0,1924.0,13.0
287,train,energy,3.092444658279419,1.7864505,0.0,3479.0,60.0
288,train,energy,3.873384475708008,3.978055,0.0,1934.0,59.0
289,train,energy,2.7972068786621094,1.5090164,1.0,2064.0,39.0
290,train,energy,2.846818447113037,1.8689631,0.0,3133.0,21.0
291,train,energy,2.093090772628784,2.4164035,0.0,1827.0,25.0
292,train,energy,4.62921142578125,2.0946426,0.0,368.0,6.0
293,train,energy,2.87673282623291,8.053777,0.0,954.0,25.0
294,train,energy,2.44929838180542,3.2529721,0.0,914.0,57.0
295,train,energy,2.4541096687316895,2.256641,0.0,2327.0,62.0
296,train,energy,4.366209506988525,4.8398647,0.0,561.0,10.0
297,train,energy,2.3593056201934814,0.18284926,1.0,1427.0,63.0
298,train,energy,3.818817138671875,4.42137,0.0,496.0,28.0
299,train,energy,3.8885586261749268,2.7061744,0.0,575.0,12.0
300,train,energy,2.63748836517334,2.3259327,0.0,668.0,26.0
301,train,energy,4.189179420471191,2.4162881,0.0,1485.0,37.0
302,train,energy,2.018339157104492,2.0768998,0.0,2030.0,47.0
303,train,energy,5.367642402648926,1.9557545,0.0,1151.0,57.0
304,train,energy,3.171417474746704,0.11281585,1.0,737.0,18.0
305,train,energy,4.250239372253418,2.057042,0.0,2944.0,45.0
306,train,energy,2.591360330581665,3.8328953,0.0,1011.0,11.0
307,train,energy,1.762568473815918,0.049096044,1.0,2306.0,56.0
308,train,energy,3.0297365188598633,1.179625,1.0,2611.0,60.0
309,train,energy,1.9317246675491333,3.908805,0.0,1371.0,28.0
310,train,energy,1.8609353303909302,2.3192143,0.0,196.0,63.0
311,train,energy,2.5873348712921143,3.8111475,0.0,1991.0,2.0
312,train,energy,6.798083305358887,1.20165,1.0,356.0,53.0
313,train,energy,1.9092004299163818,3.1072888,0.0,564.0,5.0
314,train,energy,1.3436578512191772,1.1908395,1.0,1488.0,42.0
315,train,energy,3.5378575325012207,5.1105323,0.0,1374.0,21.0
316,train,energy,2.2240517139434814,0.39238027,1.0,818.0,44.0
317,train,energy,1.6085848808288574,2.1609159,0.0,85.0,49.0
318,train,energy,1.5792161226272583,4.5286117,0.0,2163.0,31.0
319,train,energy,6.812197685241699,0.5707793,1.0,1692.0,61.0
320,train,energy,2.9106802940368652,4.496076,0.0,144.0,5.0
321,train,energy,1.5348005294799805,0.20248349,1.0,602.0,4.0
322,train,energy,3.9140450954437256,2.334895,0.0,41.0,37.0
323,train,energy,1.5851342678070068,0.5741162,1.0,3342.0,31.0
324,train,energy,3.0940377712249756,4.7907424,0.0,956.0,32.0
325,train,energy,3.193810224533081,4.796789,0.0,3126.0,17.0
326,train,energy,1.956276774406433,4.074996,0.0,2193.0,30.0
327,train,energy,2.7081801891326904,1.4611716,0.0,2443.0,7.0
328,train,energy,4.129534721374512,0.99900544,1.0,1351.0,23.0
329,train,energy,2.249447822570801,3.0232158,0.0,2647.0,39.0
330,train,energy,1.8977634906768799,1.3844725,1.0,2394.0,13.0
331,train,energy,4.458016395568848,0.9575325,1.0,1628.0,30.0
332,train,energy,2.7511472702026367,0.068589434,1.0,1285.0,4.0
333,train,energy,2.8799376487731934,0.29395494,1.0,1681.0,7.0
334,train,energy,20.278810501098633,0.25337547,1.0,677.0,7.0
335,train,energy,1.8735032081604004,0.46200356,1.0,3368.0,19.0
336,train,energy,2.172635793685913,3.629456,0.0,2825.0,20.0
337,train,energy,3.5007967948913574,3.703897,0.0,666.0,5.0
338,train,energy,3.0029351711273193,3.283112,0.0,315.0,41.0
339,train,energy,5.522951602935791,1.6267178,1.0,1116.0,36.0
340,train,energy,5.473581314086914,4.584441,0.0,391.0,50.0
341,train,energy,4.525534629821777,3.2899096,0.0,2685.0,5.0
342,train,energy,5.040022850036621,1.7570873,1.0,3095.0,52.0
343,train,energy,2.978442668914795,2.2015238,0.0,3105.0,36.0
344,train,energy,2.520745277404785,3.0263698,0.0,2686.0,58.0
345,train,energy,3.2799415588378906,3.6568327,0.0,327.0,45.0
346,train,energy,2.892817497253418,2.54983,0.0,3183.0,12.0
347,train,energy,4.374618053436279,0.7166389,1.0,700.0,38.0
348,train,energy,7.2838921546936035,2.141531,0.0,2203.0,3.0
349,train,energy,3.1923084259033203,0.054609977,1.0,3306.0,9.0
350,train,energy,2.5040485858917236,2.1436331,0.0,2521.0,45.0
351,train,energy,2.1593616008758545,2.3442805,0.0,2231.0,28.0
352,train,energy,2.520214080810547,2.879754,0.0,1748.0,5.0
353,train,energy,2.869882345199585,2.9828897,0.0,1990.0,6.0
354,train,energy,1.9862372875213623,3.2535439,0.0,2810.0,34.0
355,train,energy,2.445646286010742,2.0948992,0.0,240.0,57.0
356,train,energy,2.7081546783447266,4.7094574,0.0,2901.0,51.0
357,train,energy,4.612173080444336,3.0704236,0.0,3422.0,31.0
358,train,energy,2.434988498687744,0.2376521,1.0,403.0,14.0
359,train,energy,5.74827766418457,2.2571745,0.0,1921.0,10.0
360,train,energy,2.398071765899658,0.43920934,1.0,1038.0,7.0
361,train,energy,2.375955104827881,1.363521,1.0,2127.0,32.0
362,train,energy,5.495368480682373,2.3973315,0.0,3150.0,56.0
363,train,energy,2.34621000289917,3.2253885,0.0,2457.0,21.0
364,train,energy,3.406798839569092,1.5393422,1.0,117.0,17.0
365,train,energy,3.183073043823242,3.2036886,0.0,896.0,56.0
366,train,energy,2.0127530097961426,0.6107091,1.0,2154.0,6.0
367,train,energy,1.9556479454040527,0.5499177,1.0,2938.0,60.0
368,train,energy,1.6269376277923584,2.352294,0.0,667.0,3.0
369,train,energy,4.578793048858643,1.5029111,1.0,2956.0,32.0
370,train,energy,3.6193814277648926,0.47452062,1.0,1997.0,4.0
371,train,energy,3.6268396377563477,1.1770208,1.0,2282.0,62.0
372,train,energy,3.2639284133911133,4.9512143,0.0,195.0,11.0
373,train,energy,2.6473002433776855,1.5289619,1.0,441.0,54.0
374,train,energy,5.343902111053467,3.4175587,0.0,1225.0,13.0
375,train,energy,4.136797904968262,3.3997622,0.0,2766.0,18.0
376,train,energy,2.425719738006592,2.950661,0.0,53.0,60.0
377,train,energy,3.2262024879455566,1.8766638,0.0,1253.0,30.0
378,train,energy,6.138960838317871,1.4586493,1.0,359.0,42.0
379,train,energy,4.463857650756836,4.004201,0.0,1016.0,63.0
380,train,energy,3.44572377204895,3.3314004,0.0,504.0,32.0
381,train,energy,6.783012866973877,1.3324107,1.0,1268.0,7.0
382,train,energy,2.9155077934265137,4.424926,0.0,3409.0,7.0
383,train,energy,3.9156904220581055,0.091905,1.0,1740.0,0.0
384,train,energy,2.695255994796753,0.0062952554,1.0,3036.0,18.0
385,train,energy,3.970857858657837,0.41171136,1.0,789.0,49.0
386,train,energy,4.387224197387695,3.4363182,0.0,3294.0,37.0
387,train,energy,2.4853622913360596,2.0900126,0.0,1808.0,29.0
388,train,energy,3.2092907428741455,1.6024219,1.0,77.0,63.0
389,train,energy,1.7668395042419434,0.29202694,1.0,795.0,58.0
390,train,energy,1.8338781595230103,0.18215936,1.0,2666.0,32.0
391,train,energy,5.544653415679932,2.3693094,0.0,220.0,21.0
392,train,energy,8.397917747497559,1.2334789,1.0,2363.0,50.0
393,train,energy,1.863166093826294,2.1854525,0.0,470.0,2.0
394,train,energy,5.6235880851745605,1.5509357,0.0,432.0,43.0
395,train,energy,2.681426525115967,0.6389687,1.0,1361.0,26.0
396,train,energy,3.318110466003418,2.5228662,0.0,1664.0,30.0
397,train,energy,3.664750099182129,0.019105108,1.0,2337.0,8.0
398,train,energy,2.025341033935547,2.0379372,0.0,1486.0,30.0
399,train,energy,2.7876248359680176,3.9226658,0.0,2542.0,54.0
400,train,energy,2.6390857696533203,2.9510665,0.0,2211.0,40.0
401,train,energy,5.356889724731445,2.7477524,0.0,1363.0,38.0
402,train,energy,9.234031677246094,1.4113697,1.0,39.0,5.0
403,train,energy,3.1461610794067383,4.982692,0.0,2970.0,21.0
404,train,energy,3.540947914123535,6.3657007,0.0,3061.0,13.0
405,train,energy,3.795943260192871,3.81108,0.0,2979.0,48.0
406,train,energy,3.004544258117676,0.7587944,1.0,2532.0,49.0
407,train,energy,6.634565353393555,4.3781843,0.0,2370.0,64.0
408,train,energy,4.298112392425537,1.6184045,1.0,3222.0,45.0
409,train,energy,3.5286989212036133,2.3369777,0.0,2259.0,42.0
410,train,energy,3.2098922729492188,2.1809173,0.0,2746.0,17.0
411,train,energy,1.1167471408843994,0.009071682,1.0,3363.0,8.0
412,train,energy,1.708343505859375,1.4402516,1.0,2017.0,34.0
413,train,energy,1.571939468383789,0.7208216,1.0,2809.0,9.0
414,train,energy,2.069627523422241,1.4725528,0.0,2549.0,1.0
415,train,energy,3.124926805496216,0.45386815,1.0,304.0,23.0
416,train,energy,2.8803420066833496,1.5273155,1.0,3477.0,64.0
417,train,energy,3.8782005310058594,2.4614246,0.0,1941.0,13.0
418,train,energy,2.738607406616211,3.628034,0.0,1868.0,41.0
419,train,energy,3.3944091796875,4.3035545,0.0,452.0,15.0
420,train,energy,2.392519474029541,2.1376224,0.0,285.0,3.0
421,train,energy,1.5787297487258911,3.9065824,0.0,621.0,28.0
422,train,energy,2.559695243835449,6.2181425,0.0,3165.0,48.0
423,train,energy,4.291779041290283,2.974432,0.0,3177.0,43.0
424,train,energy,3.595041275024414,4.520415,0.0,3445.0,13.0
425,train,energy,4.124178886413574,3.5558302,0.0,638.0,52.0
426,train,energy,5.242252349853516,2.238698,0.0,115.0,36.0
427,train,energy,2.1082186698913574,1.9162476,0.0,2630.0,60.0
428,train,energy,7.706355094909668,7.2014365,0.0,3269.0,27.0
429,train,energy,4.164708614349365,3.3704252,0.0,1137.0,19.0
430,train,energy,4.912253379821777,2.5564516,0.0,2836.0,47.0
431,train,energy,5.762327194213867,2.2918944,0.0,157.0,21.0
432,train,energy,3.7421600818634033,3.8151035,0.0,1012.0,5.0
433,train,energy,2.702946662902832,0.14608786,1.0,2061.0,1.0
434,train,energy,2.1630654335021973,1.7069063,0.0,2436.0,8.0
435,train,energy,1.9880492687225342,2.578378,0.0,2752.0,12.0
436,train,energy,2.360607147216797,2.6005218,0.0,604.0,44.0
437,train,energy,3.4375946521759033,1.2595686,1.0,3352.0,36.0
438,train,energy,2.159735679626465,1.2323347,1.0,83.0,2.0
439,train,energy,4.608854293823242,0.027562052,1.0,1507.0,8.0
440,train,energy,2.3816967010498047,1.4846654,0.0,3302.0,62.0
441,train,energy,3.379061222076416,1.1340351,1.0,3050.0,2.0
442,train,energy,1.9268248081207275,1.8351778,0.0,2029.0,39.0
443,train,energy,3.6400272846221924,5.0710726,0.0,3471.0,61.0
444,train,energy,4.11268949508667,1.5620081,1.0,1610.0,3.0
445,train,energy,1.0547590255737305,2.3664374,0.0,396.0,20.0
446,train,energy,3.083451271057129,1.0418653,1.0,2465.0,53.0
447,train,energy,2.660074472427368,3.21527,0.0,3157.0,54.0
448,train,energy,4.8391571044921875,0.6021717,1.0,2875.0,61.0
449,train,energy,1.5196783542633057,1.9846443,0.0,1192.0,61.0
450,train,energy,2.738999843597412,3.1488066,0.0,2141.0,37.0
451,train,energy,1.7843011617660522,2.5892258,0.0,1784.0,16.0
452,train,energy,3.3779897689819336,0.007848615,1.0,1191.0,18.0
453,train,energy,3.064385175704956,2.48408,0.0,2153.0,54.0
454,train,energy,7.596445083618164,0.5597979,1.0,112.0,36.0
455,train,energy,3.1521553993225098,1.0064621,1.0,1659.0,60.0
456,train,energy,2.536329507827759,4.705104,0.0,2221.0,12.0
457,train,energy,1.5173746347427368,1.4035652,1.0,981.0,63.0
458,train,energy,3.5529212951660156,5.9173946,0.0,150.0,52.0
459,train,energy,5.324464797973633,0.8464136,1.0,1400.0,34.0
460,train,energy,2.487703323364258,1.3684505,0.0,124.0,1.0
461,train,energy,2.1265439987182617,2.8584728,0.0,2950.0,48.0
462,train,energy,12.513839721679688,0.67077327,1.0,1646.0,41.0
463,train,energy,2.050337076187134,2.830237,0.0,1127.0,21.0
464,train,energy,2.4309282302856445,3.1297479,0.0,873.0,2.0
465,train,energy,3.1275627613067627,3.40539,0.0,2921.0,43.0
466,train,energy,3.6454529762268066,3.640895,0.0,849.0,16.0
467,train,energy,2.5971834659576416,3.1527033,0.0,1466.0,18.0
468,train,energy,3.8032917976379395,0.5471361,1.0,2726.0,26.0
469,train,energy,1.8516064882278442,2.974872,0.0,209.0,54.0
470,train,energy,3.0614724159240723,1.7610269,0.0,2800.0,34.0
471,train,energy,5.683559894561768,0.1197976,1.0,2009.0,18.0
472,train,energy,9.11792278289795,2.928133,0.0,2451.0,31.0
473,train,energy,2.948232650756836,2.0386977,0.0,1876.0,13.0
474,train,energy,3.05222749710083,4.3824472,0.0,2608.0,15.0
475,train,energy,3.530596971511841,2.7562509,0.0,400.0,13.0
476,train,energy,3.0837783813476562,2.283404,0.0,717.0,60.0
477,train,energy,5.296479225158691,1.2922162,1.0,2157.0,60.0
478,train,energy,2.8190431594848633,1.6445704,0.0,2860.0,37.0
479,train,energy,5.591752529144287,1.2841185,1.0,670.0,53.0
480,train,energy,2.7932677268981934,1.9332573,0.0,218.0,33.0
481,train,energy,3.810377836227417,0.32027817,1.0,3290.0,18.0
482,train,energy,3.4200143814086914,1.5571384,0.0,1555.0,1.0
483,train,energy,3.233550548553467,2.7171574,0.0,3476.0,57.0
484,train,energy,3.380784511566162,2.67405,0.0,1410.0,43.0
485,train,energy,4.976800441741943,2.6386256,0.0,1600.0,47.0
486,train,energy,3.7312803268432617,1.2385615,1.0,887.0,2.0
487,train,energy,2.635814905166626,1.2338558,1.0,241.0,53.0
488,train,energy,3.3069043159484863,3.200092,0.0,2124.0,31.0
489,train,energy,6.348820209503174,2.130444,0.0,3449.0,34.0
490,train,energy,4.598959922790527,1.7260176,0.0,1539.0,25.0
491,train,energy,3.8026340007781982,0.79942584,1.0,2531.0,51.0
492,train,energy,6.931056022644043,0.86477417,1.0,1319.0,10.0
493,train,energy,3.0688767433166504,1.5931345,0.0,101.0,61.0
494,train,energy,2.7308661937713623,0.38737863,1.0,2204.0,9.0
495,train,energy,4.470614433288574,4.9178963,0.0,1287.0,63.0
496,train,energy,3.099146604537964,4.515004,0.0,1927.0,16.0
497,train,energy,2.791584014892578,1.3361404,1.0,3455.0,1.0
498,train,energy,1.8953535556793213,0.817955,1.0,1548.0,63.0
499,train,energy,3.5947232246398926,3.8221257,0.0,1526.0,54.0
500,train,energy,4.062447547912598,0.0002424423,1.0,1201.0,8.0
501,train,energy,3.6054775714874268,0.021196036,1.0,1091.0,29.0
502,train,energy,3.0554308891296387,0.073484175,1.0,1368.0,18.0
503,train,energy,6.099292278289795,0.025910689,1.0,1965.0,8.0
504,train,energy,4.538742542266846,2.4749131,0.0,479.0,64.0
505,train,energy,4.391791343688965,2.0502262,0.0,2750.0,51.0
506,train,energy,2.340437412261963,6.6516576,0.0,1387.0,1.0
507,train,energy,4.295973777770996,7.5761385,0.0,225.0,41.0
508,train,energy,3.149599552154541,4.3986845,0.0,2330.0,20.0
509,train,energy,5.596229553222656,1.1370294,1.0,180.0,50.0
510,train,energy,3.0698490142822266,5.360725,0.0,2206.0,23.0
511,train,energy,7.212058067321777,2.7886274,0.0,2958.0,43.0
512,train,energy,2.423800468444824,2.6067607,0.0,301.0,26.0
513,train,energy,6.136789798736572,1.3398925,1.0,3199.0,28.0
514,train,energy,2.1485886573791504,2.4036345,0.0,31.0,27.0
515,train,energy,2.215726852416992,1.4005779,1.0,357.0,2.0
516,train,energy,1.957145094871521,2.2141201,1.0,2932.0,0.0
517,train,energy,2.0966897010803223,2.1126108,0.0,2093.0,50.0
518,train,energy,4.08187198638916,2.9238281,0.0,3099.0,21.0
519,train,energy,3.282822847366333,1.7761487,0.0,1426.0,11.0
520,train,energy,3.1622259616851807,4.854232,0.0,278.0,62.0
521,train,energy,1.9644743204116821,2.2909586,0.0,1031.0,32.0
522,train,energy,5.427881240844727,1.8964022,0.0,263.0,32.0
523,train,energy,4.661070823669434,0.5284545,1.0,2348.0,9.0
524,train,energy,11.310502052307129,1.8699354,1.0,6.0,39.0
525,train,energy,6.947503089904785,4.5124793,0.0,1203.0,25.0
526,train,energy,4.1737895011901855,0.2029254,1.0,1204.0,56.0
527,train,energy,2.507072925567627,2.1428607,1.0,349.0,54.0
528,train,energy,4.5347442626953125,0.15113877,1.0,552.0,15.0
529,train,energy,1.9897432327270508,3.5413642,0.0,2473.0,52.0
530,train,energy,2.8994107246398926,2.034432,0.0,44.0,63.0
531,train,energy,3.0568783283233643,1.4213598,1.0,2972.0,13.0
532,train,energy,3.109060764312744,0.0007900454,1.0,2640.0,8.0
533,train,energy,4.053768157958984,1.7275865,0.0,1585.0,43.0
534,train,energy,3.092418909072876,4.483301,0.0,333.0,33.0
535,train,energy,2.61576509475708,2.3665633,0.0,2151.0,22.0
536,train,energy,2.7657108306884766,0.4523974,1.0,2388.0,1.0
537,train,energy,1.9574685096740723,0.08055793,1.0,729.0,7.0
538,train,energy,4.095713138580322,1.3977244,1.0,658.0,47.0
539,train,energy,3.889975070953369,2.9399114,0.0,433.0,10.0
540,train,energy,3.3832178115844727,1.8422792,1.0,184.0,52.0
541,train,energy,7.835867881774902,2.0586607,0.0,1776.0,11.0
542,train,energy,2.3705086708068848,2.9654672,0.0,1343.0,34.0
543,train,energy,5.777219772338867,2.2897866,0.0,1365.0,41.0
544,train,energy,7.937635898590088,4.4199753,0.0,3067.0,25.0
545,train,energy,2.9257924556732178,1.3889117,0.0,838.0,36.0
546,train,energy,3.1211977005004883,3.777117,0.0,963.0,48.0
547,train,energy,4.0332136154174805,0.035481986,1.0,916.0,0.0
548,train,energy,2.593017578125,3.4081678,0.0,1721.0,59.0
549,train,energy,2.593454599380493,1.5203832,1.0,3349.0,59.0
550,train,energy,3.449378728866577,2.0989733,0.0,1158.0,27.0
551,train,energy,4.881896018981934,2.1219974,0.0,791.0,42.0
552,train,energy,4.843797206878662,2.0637095,1.0,2250.0,40.0
553,train,energy,4.173122406005859,2.6038017,0.0,693.0,3.0
554,train,energy,3.5786375999450684,3.109282,0.0,1544.0,6.0
555,train,energy,2.119669198989868,1.9319859,0.0,430.0,2.0
556,train,energy,2.6807045936584473,4.564649,0.0,1177.0,63.0
557,train,energy,1.9590390920639038,2.7336106,0.0,3442.0,22.0
558,train,energy,2.771040916442871,1.9658804,0.0,1497.0,0.0
559,train,energy,4.142697334289551,0.55581677,1.0,1498.0,4.0
560,train,energy,3.944892406463623,4.9053154,0.0,1998.0,8.0
561,train,energy,2.930866241455078,1.4706936,0.0,2407.0,13.0
562,train,energy,3.0306437015533447,3.6219819,0.0,1283.0,62.0
563,train,energy,2.299809694290161,0.43752968,1.0,1751.0,38.0
564,train,energy,2.770615577697754,4.219285,0.0,2201.0,39.0
565,train,energy,1.6049116849899292,1.3287523,1.0,1161.0,54.0
566,train,energy,3.631319046020508,2.8264766,0.0,3215.0,19.0
567,train,energy,2.641906499862671,0.55564797,1.0,378.0,0.0
568,train,energy,1.7667557001113892,2.870002,0.0,1962.0,63.0
569,train,energy,4.229939937591553,1.8020777,1.0,1910.0,1.0
570,train,energy,4.155149459838867,1.6277556,0.0,1929.0,30.0
571,train,energy,2.719966411590576,1.8029863,0.0,3045.0,31.0
572,train,energy,5.823598861694336,2.7994404,0.0,2812.0,21.0
573,train,energy,9.876585006713867,3.7631078,0.0,2312.0,52.0
574,train,energy,3.742403507232666,2.9462347,0.0,86.0,55.0
575,train,energy,2.722330093383789,1.8683721,0.0,645.0,45.0
576,train,energy,2.9968276023864746,1.9714404,0.0,769.0,21.0
577,train,energy,2.8433284759521484,4.4614506,0.0,2419.0,52.0
578,train,energy,2.9544174671173096,2.3695054,0.0,1840.0,52.0
579,train,energy,2.903174877166748,1.7248737,1.0,2877.0,53.0
580,train,energy,1.9287152290344238,1.3127744,1.0,3103.0,1.0
581,train,energy,3.0104033946990967,0.085956015,1.0,2919.0,22.0
582,train,energy,4.2100830078125,1.9823936,0.0,2104.0,0.0
583,train,energy,2.1997017860412598,3.9743345,0.0,3333.0,4.0
584,train,energy,2.485840320587158,0.69287854,1.0,3304.0,62.0
585,train,energy,3.5952911376953125,0.7945866,1.0,987.0,7.0
586,train,energy,4.214303016662598,3.0109956,0.0,2962.0,17.0
587,train,energy,2.8527517318725586,0.74166435,1.0,1797.0,36.0
588,train,energy,3.4122257232666016,0.5331503,1.0,2929.0,62.0
589,train,energy,2.119507074356079,1.4371951,1.0,3396.0,45.0
590,train,energy,3.301809310913086,2.916873,0.0,227.0,5.0
591,train,energy,2.592237710952759,0.94872755,1.0,2032.0,50.0
592,train,energy,2.9427783489227295,4.181222,0.0,2344.0,57.0
593,train,energy,9.427278518676758,0.3669212,1.0,1671.0,4.0
594,train,energy,3.6229147911071777,0.5528682,1.0,3139.0,47.0
595,train,energy,2.529479503631592,1.6469166,0.0,520.0,31.0
596,train,energy,8.789946556091309,0.54115355,1.0,3265.0,26.0
597,train,energy,2.914994955062866,1.8306992,0.0,3313.0,38.0
598,train,energy,2.7014195919036865,2.8112245,0.0,1682.0,3.0
599,train,energy,2.9831690788269043,0.14488627,1.0,2046.0,4.0
600,train,energy,5.089427471160889,2.1038852,0.0,2700.0,31.0
601,train,energy,1.946465253829956,2.335444,0.0,2675.0,0.0
602,train,energy,3.7518768310546875,0.8101692,1.0,701.0,4.0
603,train,energy,1.0533778667449951,1.7256925,0.0,3482.0,59.0
604,train,energy,3.1631038188934326,1.3497225,1.0,1696.0,64.0
605,train,energy,4.419254302978516,2.6069212,0.0,537.0,60.0
606,train,energy,2.2078206539154053,7.93857,0.0,2097.0,10.0
607,train,energy,4.2219977378845215,1.9751997,0.0,2772.0,30.0
608,train,energy,3.177257537841797,2.446221,0.0,2848.0,5.0
609,train,energy,2.4729862213134766,2.4160314,0.0,3125.0,64.0
610,train,energy,2.7746877670288086,1.9665278,1.0,2180.0,1.0
611,train,energy,2.1876769065856934,4.7291636,0.0,706.0,63.0
612,train,energy,3.9139740467071533,0.8644267,1.0,1536.0,17.0
613,train,energy,3.077984571456909,1.7605517,0.0,836.0,56.0
614,train,energy,4.1695146560668945,1.0665933,1.0,762.0,1.0
615,train,energy,6.092979907989502,0.3100202,1.0,1470.0,61.0
616,train,energy,5.378177642822266,2.9901772,0.0,2288.0,53.0
617,train,energy,3.4179508686065674,2.3512158,0.0,3347.0,55.0
618,train,energy,3.226802349090576,4.7585235,0.0,2418.0,64.0
619,train,energy,5.259279251098633,2.2029757,0.0,1763.0,21.0
620,train,energy,2.267970085144043,5.4708147,0.0,1970.0,30.0
621,train,energy,2.063796281814575,2.578883,0.0,546.0,58.0
622,train,energy,2.53085994720459,3.9276981,0.0,1167.0,64.0
623,train,energy,2.8182144165039062,0.67579174,1.0,780.0,1.0
624,train,energy,2.255213499069214,5.356425,0.0,2215.0,12.0
625,train,energy,3.3874459266662598,2.946457,0.0,1750.0,3.0
626,train,energy,1.4226267337799072,2.158822,0.0,3156.0,38.0
627,train,energy,4.3024210929870605,1.5831529,1.0,450.0,50.0
628,train,energy,1.7024495601654053,1.5216918,1.0,61.0,50.0
629,train,energy,2.654670238494873,0.55090827,1.0,2400.0,56.0
630,train,energy,3.120105266571045,0.0023179587,1.0,946.0,0.0
631,train,energy,1.1100289821624756,1.139233,1.0,1871.0,61.0
632,train,energy,4.274409294128418,2.1215942,0.0,1367.0,44.0
633,train,energy,3.411818504333496,0.017981842,1.0,2069.0,22.0
634,train,energy,1.3993303775787354,0.61711645,1.0,617.0,23.0
635,train,energy,2.920619010925293,2.1731625,0.0,3383.0,3.0
636,train,energy,3.57635498046875,2.443184,0.0,1521.0,24.0
637,train,energy,2.6554408073425293,0.18720706,1.0,187.0,62.0
638,train,energy,2.158386468887329,0.3560439,1.0,437.0,62.0
639,train,energy,5.102254390716553,3.5373328,0.0,3380.0,42.0
640,train,energy,6.573851585388184,3.2061286,0.0,2198.0,10.0
641,train,energy,4.260718822479248,0.7674395,1.0,628.0,47.0
642,train,energy,2.393627643585205,1.6221716,0.0,1194.0,10.0
643,train,energy,3.7442591190338135,3.8831806,0.0,2140.0,57.0
644,train,energy,2.8073039054870605,2.9039624,0.0,1535.0,34.0
645,train,energy,2.774200677871704,0.13100116,1.0,3023.0,4.0
646,train,energy,3.731327533721924,3.4589286,0.0,1461.0,54.0
647,train,energy,3.768270492553711,0.059021275,1.0,931.0,7.0
648,train,energy,4.641541481018066,8.799123,0.0,3137.0,53.0
649,train,energy,4.217406272888184,2.1949406,0.0,2904.0,51.0
650,train,energy,4.943085670471191,4.271699,0.0,620.0,5.0
651,train,energy,2.601750373840332,0.55853665,1.0,1609.0,25.0
652,train,energy,3.2715988159179688,0.47530237,1.0,944.0,44.0
653,train,energy,2.963165760040283,2.9270844,0.0,329.0,60.0
654,train,energy,3.2823753356933594,2.0449796,0.0,1861.0,41.0
655,train,energy,1.6271549463272095,2.4116306,0.0,2341.0,28.0
656,train,energy,2.991034984588623,0.2933711,1.0,1165.0,44.0
657,train,energy,3.3541998863220215,2.2304826,0.0,581.0,46.0
658,train,energy,2.9531772136688232,0.04933731,1.0,2315.0,56.0
659,train,energy,2.4181230068206787,0.49348766,1.0,2471.0,10.0
660,train,energy,4.72297477722168,0.60935724,1.0,1187.0,1.0
661,train,energy,3.9550063610076904,3.24971,0.0,1156.0,46.0
662,train,energy,3.876279592514038,1.699785,1.0,2934.0,30.0
663,train,energy,2.540771484375,4.6448216,0.0,1764.0,6.0
664,train,energy,4.386651039123535,1.8848689,0.0,1953.0,58.0
665,train,energy,2.476862907409668,1.0360404,1.0,2313.0,54.0
666,train,energy,1.5332351922988892,3.8428097,0.0,1434.0,40.0
667,train,energy,7.454892635345459,1.1125295,1.0,2461.0,62.0
668,train,energy,2.429142951965332,0.44761306,1.0,1176.0,32.0
669,train,energy,2.9204952716827393,4.047839,0.0,1306.0,13.0
670,train,energy,5.2267231941223145,2.645863,0.0,1537.0,2.0
671,train,energy,1.8391716480255127,1.0743895,1.0,1514.0,50.0
672,train,energy,2.683946132659912,2.8127167,0.0,772.0,57.0
673,train,energy,4.487752914428711,2.3498688,0.0,840.0,50.0
674,train,energy,4.280331134796143,2.347331,0.0,990.0,43.0
675,train,energy,2.953016519546509,2.7586663,0.0,3303.0,55.0
676,train,energy,3.1790430545806885,4.437684,0.0,1524.0,32.0
677,train,energy,2.8138766288757324,6.3835573,0.0,2002.0,49.0
678,train,energy,3.342947483062744,2.556529,0.0,1872.0,13.0
679,train,energy,4.644853591918945,3.328371,0.0,2305.0,0.0
680,train,energy,6.131166934967041,0.07721779,1.0,1744.0,9.0
681,train,energy,2.971832275390625,4.160961,0.0,2778.0,55.0
682,train,energy,2.975457191467285,1.770404,0.0,2248.0,27.0
683,train,energy,3.3766143321990967,1.6364793,0.0,2517.0,43.0
684,train,energy,4.951025485992432,3.006813,0.0,2156.0,56.0
685,train,energy,3.8384432792663574,3.9336057,0.0,308.0,57.0
686,train,energy,2.7558822631835938,0.0954164,1.0,1310.0,22.0
687,train,energy,1.942591905593872,0.012667196,1.0,360.0,8.0
688,train,energy,3.44113826751709,1.0132739e-05,1.0,2680.0,18.0
689,train,energy,1.4763033390045166,1.7357607,0.0,1975.0,43.0
690,train,energy,2.012674331665039,2.7235103,0.0,1014.0,2.0
691,train,energy,3.2655415534973145,3.3562508,0.0,80.0,51.0
692,train,energy,6.115045070648193,3.9359396,0.0,2971.0,18.0
693,train,energy,3.30836820602417,3.5041409,0.0,2268.0,63.0
694,train,energy,2.9771804809570312,5.3105597,0.0,99.0,6.0
695,train,energy,1.932763695716858,3.1121266,0.0,1222.0,3.0
696,train,energy,5.26511812210083,3.4164195,0.0,2319.0,59.0
697,train,energy,1.4388847351074219,2.7899363,0.0,2062.0,19.0
698,train,energy,3.0999555587768555,0.5288971,1.0,3382.0,10.0
699,train,energy,9.417464256286621,2.6689987,0.0,976.0,26.0
700,train,energy,3.5863983631134033,3.052339,0.0,1887.0,27.0
701,train,energy,3.2682833671569824,2.9734359,0.0,2118.0,3.0
702,train,energy,6.180233001708984,2.7178504,0.0,46.0,20.0
703,train,energy,1.8096487522125244,0.7225988,1.0,1590.0,60.0
704,train,energy,5.953884124755859,1.6260774,1.0,869.0,46.0
705,train,energy,2.2856178283691406,5.5209656,0.0,568.0,12.0
706,train,energy,1.6972835063934326,0.025668,1.0,2464.0,4.0
707,train,energy,1.7941772937774658,1.9808452,0.0,508.0,46.0
708,train,energy,4.372980117797852,2.6214805,0.0,458.0,35.0
709,train,energy,4.242825031280518,0.54546523,1.0,2930.0,9.0
710,train,energy,2.7450389862060547,1.5209684,0.0,2722.0,31.0
711,train,energy,7.183403491973877,3.4302597,0.0,2199.0,64.0
712,train,energy,3.8749141693115234,2.0604742,0.0,2257.0,20.0
713,train,energy,7.732638359069824,1.7942215,1.0,1916.0,39.0
714,train,energy,2.59186053276062,0.3331,1.0,2488.0,9.0
715,train,energy,2.5612576007843018,2.6107898,0.0,1762.0,39.0
716,train,energy,3.651780843734741,2.1147861,0.0,2020.0,41.0
717,train,energy,3.996776580810547,0.7935572,1.0,1218.0,14.0
718,train,energy,3.8183155059814453,1.8807806,0.0,1878.0,61.0
719,train,energy,4.625200271606445,3.9873123,0.0,1072.0,38.0
720,train,energy,4.142866134643555,2.416061,0.0,1421.0,10.0
721,train,energy,4.066029071807861,1.8978878,1.0,3158.0,53.0
722,train,energy,2.7424497604370117,5.0019813,0.0,3454.0,24.0
723,train,energy,1.8814330101013184,0.1465941,1.0,2391.0,22.0
724,train,energy,2.845285654067993,0.953167,1.0,2146.0,38.0
725,train,energy,9.520404815673828,0.9182336,1.0,1211.0,51.0
726,train,energy,2.5226902961730957,5.183526,0.0,2852.0,46.0
727,train,energy,2.376828908920288,0.095620096,1.0,592.0,14.0
728,train,energy,2.2034852504730225,3.9099784,0.0,54.0,48.0
729,train,energy,1.6338690519332886,0.0317616,1.0,48.0,1.0
730,train,energy,2.876788854598999,1.6326946,0.0,2645.0,41.0
731,train,energy,1.966864824295044,1.7402633,0.0,132.0,0.0
732,train,energy,2.061352491378784,2.3328497,0.0,834.0,59.0
733,train,energy,2.340282440185547,2.6230977,0.0,480.0,4.0
734,train,energy,3.1733224391937256,2.4960659,0.0,374.0,4.0
735,train,energy,2.322314500808716,0.14186081,1.0,1951.0,7.0
736,train,energy,1.2991948127746582,0.63420194,1.0,2784.0,25.0
737,train,energy,3.1542394161224365,4.176919,0.0,901.0,49.0
738,train,energy,9.98536205291748,3.9265208,0.0,2559.0,4.0
739,train,energy,2.3917431831359863,1.0768962,1.0,2037.0,31.0
740,train,energy,7.185534477233887,3.9199793,0.0,73.0,60.0
741,train,energy,3.890214204788208,2.8834755,0.0,3209.0,12.0
742,train,energy,2.8453822135925293,0.654084,1.0,1952.0,7.0
743,train,energy,5.9270758628845215,0.7264713,1.0,644.0,26.0
744,train,energy,1.757185697555542,0.71217215,1.0,186.0,4.0
745,train,energy,5.191351413726807,0.33634296,1.0,1326.0,2.0
746,train,energy,2.961669921875,3.969819,0.0,139.0,15.0
747,train,energy,4.351851463317871,3.2567244,0.0,859.0,23.0
748,train,energy,4.369417190551758,2.8772802,0.0,847.0,17.0
749,train,energy,11.963262557983398,3.3097498,0.0,855.0,10.0
750,train,energy,1.7937464714050293,1.1416963,1.0,2625.0,6.0
751,train,energy,3.1586639881134033,3.099586,0.0,1288.0,19.0
752,train,energy,2.930786609649658,1.9669521,0.0,1258.0,61.0
753,train,energy,2.1171464920043945,2.8349113,0.0,2071.0,32.0
754,train,energy,2.7874345779418945,2.6420631,0.0,89.0,6.0
755,train,energy,2.6743805408477783,0.058009032,1.0,2880.0,9.0
756,train,energy,3.261406421661377,3.1976922,0.0,2052.0,37.0
757,train,energy,4.235785484313965,3.5350208,0.0,3230.0,53.0
758,train,energy,2.2014458179473877,2.5976648,0.0,525.0,45.0
759,train,energy,2.471733331680298,6.2730074,0.0,3244.0,52.0
760,train,energy,3.7376651763916016,2.7641907,0.0,2484.0,60.0
761,train,energy,4.443106651306152,1.8807629,1.0,747.0,5.0
762,train,energy,4.27575159072876,0.5898104,1.0,2511.0,55.0
763,train,energy,2.564922332763672,2.169969,0.0,572.0,59.0
764,train,energy,2.915846347808838,1.6093426,0.0,2047.0,53.0
765,train,energy,5.405941963195801,2.1130507,0.0,3350.0,12.0
766,train,energy,8.889781951904297,0.2200217,1.0,2546.0,4.0
767,train,energy,3.2524938583374023,2.605886,0.0,938.0,2.0
768,train,energy,2.278860330581665,3.4870224,0.0,449.0,39.0
769,train,energy,3.034790515899658,2.1921892,0.0,282.0,32.0
770,train,energy,2.441786050796509,0.26725778,1.0,1736.0,9.0
771,train,energy,4.897449493408203,0.37594074,1.0,244.0,53.0
772,train,energy,2.7608025074005127,0.8223065,1.0,125.0,53.0
773,train,energy,2.6035923957824707,1.2887834,1.0,2529.0,36.0
774,train,energy,4.371217727661133,4.8711944,0.0,2586.0,58.0
775,train,energy,2.785182237625122,3.2589502,0.0,2272.0,12.0
776,train,energy,2.849590301513672,2.8000898,0.0,2737.0,12.0
777,train,energy,3.170048952102661,1.8964354,0.0,1046.0,50.0
778,train,energy,8.695389747619629,1.4731995,0.0,972.0,24.0
779,train,energy,3.4723873138427734,4.1108046,0.0,694.0,13.0
780,train,energy,3.8701491355895996,1.8083705,1.0,1087.0,2.0
781,train,energy,1.3462715148925781,3.9388986,0.0,1314.0,55.0
782,train,energy,3.9700093269348145,2.7719169,0.0,84.0,32.0
783,train,energy,3.5370047092437744,2.4147096,0.0,2365.0,28.0
784,train,energy,3.807004451751709,4.0565224,0.0,2317.0,7.0
785,train,energy,3.7469310760498047,0.042408336,1.0,3128.0,29.0
786,train,energy,3.3885326385498047,7.077495,0.0,888.0,14.0
787,train,energy,2.797903537750244,1.1957678,1.0,2323.0,56.0
788,train,energy,3.0775413513183594,2.3770456,1.0,587.0,17.0
789,train,energy,1.8570634126663208,2.2046714,0.0,1737.0,58.0
790,train,energy,4.180421829223633,0.5609355,1.0,926.0,36.0
791,train,energy,6.392192363739014,3.8036256,0.0,2895.0,20.0
792,train,energy,3.175882577896118,0.374613,1.0,1469.0,25.0
793,train,energy,9.222776412963867,2.7500808,0.0,3059.0,1.0
794,train,energy,3.257964849472046,0.28972742,1.0,1727.0,56.0
795,train,energy,1.2499403953552246,0.5586082,1.0,1724.0,41.0
796,train,energy,2.8356733322143555,3.5391681,0.0,293.0,43.0
797,train,energy,3.341348648071289,2.3008645,0.0,915.0,23.0
798,train,energy,2.8539700508117676,1.3436811,1.0,2681.0,14.0
799,train,energy,7.763482570648193,2.3395178,0.0,2527.0,52.0
800,train,energy,2.6381425857543945,1.7296797,0.0,867.0,45.0
801,train,energy,2.647538423538208,1.9811662,0.0,2485.0,53.0
802,train,energy,2.969846248626709,2.7635229,0.0,547.0,43.0
803,train,energy,13.332523345947266,2.0530791,0.0,133.0,28.0
804,train,energy,2.130162000656128,6.036092,0.0,904.0,33.0
805,train,energy,2.7363579273223877,0.96975875,1.0,1772.0,50.0
806,train,energy,3.3491344451904297,1.8834414,0.0,1045.0,6.0
807,train,energy,3.8981287479400635,2.0136032,0.0,2924.0,52.0
808,train,energy,9.13554859161377,4.214018,0.0,2506.0,14.0
809,train,energy,4.752475261688232,0.39019677,1.0,864.0,11.0
810,train,energy,4.131984710693359,0.033519547,1.0,1884.0,22.0
811,train,energy,1.261810541152954,0.30937108,1.0,3234.0,9.0
812,train,energy,4.012758731842041,0.001115296,1.0,1805.0,29.0
813,train,energy,2.6426024436950684,2.1006374,1.0,484.0,61.0
814,train,energy,3.963761329650879,3.9372964,0.0,733.0,55.0
815,train,energy,3.1411707401275635,2.6908636,0.0,1422.0,3.0
816,train,energy,7.569640636444092,1.2853956,0.0,3365.0,1.0
817,train,energy,2.4390816688537598,0.12046488,1.0,2592.0,0.0
818,train,energy,2.4710168838500977,3.6734896,0.0,1217.0,2.0
819,train,energy,3.2473299503326416,2.3820603,0.0,906.0,12.0
820,train,energy,6.3118696212768555,4.830881,0.0,1205.0,24.0
821,train,energy,3.6096744537353516,2.9299493,0.0,2830.0,15.0
822,train,energy,1.4346318244934082,2.6988878,0.0,3375.0,59.0
823,train,energy,4.269581317901611,1.3673944,1.0,3460.0,16.0
824,train,energy,2.774378776550293,2.1223521,0.0,823.0,61.0
825,train,energy,4.868712902069092,3.257516,0.0,354.0,54.0
826,train,energy,6.206843852996826,1.5547189,0.0,764.0,56.0
827,train,energy,2.8959383964538574,1.7001394,0.0,258.0,25.0
828,train,energy,4.778625965118408,0.8270936,1.0,2122.0,50.0
829,train,energy,2.7223596572875977,2.2706802,0.0,669.0,17.0
830,train,energy,3.3628125190734863,1.5534534,1.0,1144.0,39.0
831,train,energy,3.35093355178833,3.435049,0.0,957.0,28.0
832,train,energy,2.5559825897216797,2.0925584,0.0,2637.0,24.0
833,train,energy,2.888885498046875,2.8832383,0.0,2290.0,37.0
834,train,energy,2.2281687259674072,3.3742547,0.0,877.0,60.0
835,train,energy,3.790999412536621,2.4159641,0.0,3267.0,28.0
836,train,energy,4.9758806228637695,2.3826897,0.0,116.0,63.0
837,train,energy,6.008612632751465,1.9086236,0.0,2658.0,21.0
838,train,energy,4.500179290771484,3.3200195,0.0,1084.0,52.0
839,train,energy,2.08669376373291,4.8794365,0.0,183.0,13.0
840,train,energy,3.553380012512207,1.7596285,0.0,1077.0,64.0
841,train,energy,2.7250821590423584,0.12365744,1.0,1313.0,44.0
842,train,energy,5.577034950256348,4.0048733,0.0,3104.0,57.0
843,train,energy,2.376034736633301,0.068910725,1.0,2195.0,18.0
844,train,energy,4.753176689147949,2.4182644,0.0,1060.0,39.0
845,train,energy,4.434337615966797,1.3483037,1.0,2470.0,36.0
846,train,energy,2.4811151027679443,5.8999767,0.0,2965.0,26.0
847,train,energy,4.157596588134766,0.3396896,1.0,3474.0,4.0
848,train,energy,1.868967890739441,1.3314219,1.0,1564.0,47.0
849,train,energy,2.4116196632385254,1.9392041,0.0,994.0,7.0
850,train,energy,2.2188708782196045,1.7212753,0.0,3194.0,9.0
851,train,energy,1.9236841201782227,2.1320112,1.0,2027.0,45.0
852,train,energy,5.117075443267822,3.7717953,0.0,1230.0,33.0
853,train,energy,1.732065200805664,1.7993476,0.0,2837.0,61.0
854,train,energy,3.1268038749694824,0.98091495,1.0,2543.0,26.0
855,train,energy,4.855725288391113,1.7729905,1.0,3275.0,0.0
856,train,energy,6.019033432006836,2.9779491,0.0,3461.0,1.0
857,train,energy,3.3194189071655273,3.3068008,0.0,3152.0,1.0
858,train,energy,4.252165794372559,4.861127,0.0,2034.0,6.0
859,train,energy,3.2806649208068848,2.6960282,0.0,541.0,13.0
860,train,energy,1.4905989170074463,2.8190382,0.0,2954.0,61.0
861,train,energy,2.0107622146606445,4.8196106,0.0,1081.0,13.0
862,train,energy,3.7675392627716064,3.3787284,0.0,651.0,21.0
863,train,energy,5.097233772277832,1.583692,1.0,2717.0,59.0
864,train,energy,4.229700565338135,3.0626178,0.0,131.0,24.0
865,train,energy,1.9326684474945068,2.1023006,0.0,2725.0,56.0
866,train,energy,4.247778415679932,0.9732894,1.0,1726.0,0.0
867,train,energy,2.2379345893859863,1.6412069,1.0,271.0,5.0
868,train,energy,3.0035240650177,0.2960608,1.0,2659.0,7.0
869,train,energy,2.386551856994629,3.3084762,0.0,996.0,41.0
870,train,energy,2.718782663345337,0.9056108,1.0,1820.0,0.0
871,train,energy,5.921858310699463,3.7149553,0.0,1518.0,9.0
872,train,energy,5.413052558898926,4.840971,0.0,1324.0,42.0
873,train,energy,2.6837728023529053,2.37952,0.0,1396.0,58.0
874,train,energy,2.013495922088623,2.1016583,0.0,2314.0,2.0
875,train,energy,4.565067768096924,0.6460786,1.0,1988.0,60.0
876,train,energy,3.263611316680908,5.9489136,0.0,804.0,15.0
877,train,energy,2.474489450454712,2.9525468,0.0,1974.0,3.0
878,train,energy,2.517548084259033,1.8277888,0.0,3147.0,58.0
879,train,energy,3.7018442153930664,3.4261541,0.0,948.0,32.0
880,train,energy,5.147296905517578,2.7458966,0.0,534.0,35.0
881,train,energy,8.625679016113281,0.00838013,1.0,493.0,8.0
882,train,energy,6.381895065307617,2.9961317,0.0,3088.0,59.0
883,train,energy,3.5874974727630615,0.7093374,1.0,3399.0,30.0
884,train,energy,4.432369232177734,3.5774832,0.0,2508.0,26.0
885,train,energy,11.328431129455566,4.212763,0.0,1438.0,23.0
886,train,energy,3.4415719509124756,0.79515076,1.0,1008.0,23.0
887,train,energy,1.9591575860977173,1.9762261,0.0,2269.0,6.0
888,train,energy,5.519429683685303,1.0682722,1.0,1005.0,44.0
889,train,energy,3.955113410949707,0.04733914,1.0,2620.0,0.0
890,train,energy,6.193323135375977,3.6534057,0.0,3328.0,60.0
891,train,energy,5.05137825012207,3.3095503,0.0,352.0,3.0
892,train,energy,3.8756191730499268,0.52186054,1.0,2551.0,36.0
893,train,energy,2.1461524963378906,2.2491398,0.0,314.0,1.0
894,train,energy,2.0371315479278564,1.2394068,1.0,2731.0,14.0
895,train,energy,2.0043742656707764,1.3146801,1.0,3021.0,15.0
896,train,energy,3.306297779083252,1.0174284,0.0,1391.0,34.0
897,train,energy,2.4340672492980957,1.4605695,1.0,2668.0,53.0
898,train,energy,7.016012191772461,4.010709,0.0,3404.0,35.0
899,train,energy,3.436105251312256,3.730832,0.0,3239.0,23.0
900,train,energy,2.4549970626831055,0.014833044,1.0,1118.0,0.0
901,train,energy,6.730817794799805,1.6153476,0.0,2183.0,48.0
902,train,energy,3.349423885345459,2.8685684,0.0,366.0,60.0
903,train,energy,4.761266708374023,4.8218217,0.0,1735.0,5.0
904,train,energy,2.790356159210205,3.7743497,0.0,397.0,28.0
905,train,energy,2.528654098510742,3.5888662,0.0,1416.0,30.0
906,train,energy,2.474576473236084,2.696951,0.0,871.0,59.0
907,train,energy,7.215056896209717,6.319288,0.0,32.0,57.0
908,train,energy,3.5821115970611572,2.7557664,0.0,1464.0,17.0
909,train,energy,2.630587577819824,3.8477988,0.0,2955.0,59.0
910,train,energy,2.6740028858184814,1.878814,1.0,2459.0,15.0
911,train,energy,2.7159152030944824,2.4077191,0.0,1086.0,37.0
912,train,energy,2.1890199184417725,2.5156624,0.0,2939.0,12.0
913,train,energy,4.199634075164795,1.9075999,0.0,3253.0,13.0
914,train,energy,4.067667007446289,0.5005418,1.0,1379.0,47.0
915,train,energy,4.500679969787598,2.9126985,0.0,2010.0,31.0
916,train,energy,12.82280158996582,0.07702576,1.0,3325.0,58.0
917,train,energy,3.1050686836242676,8.442072,0.0,338.0,18.0
918,train,energy,2.848696231842041,2.2076476,0.0,1036.0,60.0
919,train,energy,2.6952009201049805,2.7540665,0.0,222.0,3.0
920,train,energy,2.4395663738250732,4.5714774,0.0,2446.0,35.0
921,train,energy,4.28864049911499,4.7122893,0.0,1322.0,57.0
922,train,energy,2.2218990325927734,0.16969223,1.0,2278.0,56.0
923,train,energy,9.930891036987305,1.4882385,1.0,2043.0,62.0
924,train,energy,2.331800937652588,5.5485306,0.0,298.0,38.0
925,train,energy,2.4098095893859863,3.0777142,0.0,2796.0,34.0
926,train,energy,1.519677758216858,2.1004887,0.0,1816.0,1.0
927,train,energy,7.469032287597656,3.6357234,0.0,3224.0,36.0
928,train,energy,2.9304897785186768,2.6935391,0.0,1282.0,3.0
929,train,energy,2.789278030395508,0.2515967,1.0,1620.0,56.0
930,train,energy,2.7649827003479004,0.14240591,1.0,3340.0,9.0
931,train,energy,2.6069157123565674,2.7724223,0.0,2435.0,28.0
932,train,energy,5.092746734619141,1.2721621,1.0,1276.0,14.0
933,train,energy,2.275155544281006,1.993654,0.0,1110.0,34.0
934,train,energy,3.4679274559020996,0.020857638,1.0,1731.0,29.0
935,train,energy,4.569909572601318,2.7885084,0.0,198.0,5.0
936,train,energy,14.122127532958984,2.4328327,0.0,3044.0,48.0
937,train,energy,6.534178733825684,2.1255207,1.0,506.0,64.0
938,train,energy,3.2168734073638916,3.1605449,0.0,3391.0,64.0
939,train,energy,3.304381847381592,0.6537815,1.0,1860.0,49.0
940,train,energy,4.33433723449707,0.6543831,1.0,2147.0,9.0
941,train,energy,3.5697286128997803,2.284957,0.0,2155.0,7.0
942,train,energy,1.9436239004135132,1.593746,0.0,1297.0,14.0
943,train,energy,3.4050581455230713,7.4244595,0.0,1626.0,27.0
944,train,energy,3.5639195442199707,2.2220902,0.0,2258.0,21.0
945,train,energy,2.2909889221191406,0.1819655,1.0,1349.0,1.0
946,train,energy,2.6691951751708984,1.7297072,1.0,2402.0,13.0
947,train,energy,4.577381610870361,0.1578592,1.0,657.0,9.0
948,train,energy,2.0939788818359375,0.6292521,1.0,2999.0,58.0
949,train,energy,2.48860764503479,0.19787797,1.0,1146.0,23.0
950,train,energy,1.991906762123108,1.4474177,1.0,1124.0,27.0
951,train,energy,2.7100608348846436,4.386803,0.0,2414.0,41.0
952,train,energy,1.6470288038253784,3.2050734,0.0,2125.0,51.0
953,train,energy,3.7329678535461426,2.5369983,0.0,2935.0,54.0
954,train,energy,3.885356903076172,1.2149789,1.0,2265.0,50.0
955,train,energy,5.357422828674316,1.3811762,1.0,2307.0,16.0
956,train,energy,3.243177890777588,4.404931,0.0,1234.0,10.0
957,train,energy,3.437732219696045,1.3455167,1.0,1468.0,22.0
958,train,energy,4.0682053565979,2.470281,0.0,2724.0,2.0
959,train,energy,2.6558704376220703,0.256764,1.0,973.0,28.0
960,train,energy,2.205425262451172,4.9426703,0.0,519.0,12.0
961,train,energy,2.3895533084869385,0.029102087,1.0,1739.0,9.0
962,train,energy,4.835644721984863,4.737945,0.0,4.0,11.0
963,train,energy,2.741788864135742,4.9578776,0.0,1147.0,16.0
964,train,energy,3.425283908843994,1.7394565,1.0,2648.0,25.0
965,train,energy,2.3836669921875,1.5208778,1.0,3312.0,10.0
966,train,energy,3.1113226413726807,4.2237325,0.0,1690.0,37.0
967,train,energy,3.11505126953125,2.2775826,0.0,1499.0,53.0
968,train,energy,4.4586358070373535,0.5425085,1.0,70.0,32.0
969,train,energy,2.316218376159668,2.9218783,0.0,2843.0,46.0
970,train,energy,1.9613336324691772,0.37485605,1.0,1979.0,56.0
971,train,energy,2.6997032165527344,3.407525,0.0,776.0,19.0
972,train,energy,5.497989177703857,1.3620704,0.0,135.0,32.0
973,train,energy,4.470229625701904,2.7934315,0.0,1476.0,37.0
974,train,energy,4.16135835647583,5.1649837,0.0,2889.0,44.0
975,train,energy,2.573582172393799,3.274213,0.0,3395.0,11.0
976,train,energy,2.6879749298095703,4.752734,0.0,1458.0,35.0
977,train,energy,2.2607474327087402,0.34497485,1.0,1925.0,9.0
978,train,energy,3.1339974403381348,0.92635274,1.0,663.0,63.0
979,train,energy,3.0221610069274902,2.5577106,0.0,3005.0,52.0
980,train,energy,2.5411970615386963,2.3214467,0.0,1849.0,62.0
981,train,energy,3.093864917755127,5.730475,0.0,1561.0,58.0
982,train,energy,3.6434271335601807,0.44664875,1.0,942.0,1.0
983,train,energy,2.8244919776916504,1.6219603,1.0,2082.0,32.0
984,train,energy,2.7938456535339355,3.2976387,0.0,185.0,21.0
985,train,energy,3.3818936347961426,3.6705337,0.0,343.0,52.0
986,train,energy,4.076413154602051,9.103295,0.0,481.0,31.0
987,train,energy,2.585630416870117,3.6617932,0.0,3346.0,62.0
988,train,energy,4.412852764129639,1.4891552,0.0,556.0,45.0
989,train,energy,2.8726911544799805,2.2052846,0.0,1029.0,30.0
990,train,energy,2.863652229309082,0.337817,1.0,1687.0,7.0
991,train,energy,3.187490463256836,5.733959,0.0,17.0,11.0
992,train,energy,3.4694466590881348,1.0089303,1.0,1517.0,23.0
993,train,energy,3.136338472366333,4.8810167,0.0,2563.0,59.0
994,train,energy,2.3574538230895996,0.7833076,1.0,688.0,31.0
995,train,energy,2.4186489582061768,1.787425,0.0,1558.0,46.0
996,train,energy,5.026355743408203,0.55613935,1.0,267.0,62.0
997,train,energy,1.8949123620986938,2.738487,0.0,1359.0,58.0
998,train,energy,3.072740316390991,3.610896,0.0,3210.0,13.0
999,train,energy,3.221256971359253,1.2373817,1.0,3197.0,61.0
1000,train,energy,11.734766960144043,2.745864,0.0,2540.0,30.0
1001,train,energy,4.980568885803223,4.2599277,0.0,3463.0,6.0
1002,train,energy,3.3390471935272217,2.3550444,0.0,601.0,39.0
1003,train,energy,2.694828987121582,0.60640883,1.0,1477.0,50.0
1004,train,energy,3.052518844604492,2.0388536,0.0,824.0,48.0
1005,train,energy,2.60636043548584,3.1158977,0.0,1006.0,38.0
1006,train,energy,1.8856699466705322,0.42490706,1.0,1905.0,44.0
1007,train,energy,3.290675640106201,1.4618584,1.0,625.0,10.0
1008,train,energy,2.926781177520752,4.573588,0.0,482.0,61.0
1009,train,energy,1.9835726022720337,2.3131294,1.0,2355.0,13.0
1010,train,energy,5.219561576843262,4.8705583,0.0,2249.0,49.0
1011,train,energy,4.349253177642822,4.4583225,0.0,1625.0,31.0
1012,train,energy,5.198612213134766,0.59986556,1.0,435.0,11.0
1013,train,energy,3.5943844318389893,1.6347281,0.0,2609.0,23.0
1014,train,energy,2.3162693977355957,0.42703342,1.0,3451.0,7.0
1015,train,energy,1.753093957901001,2.5814323,0.0,937.0,32.0
1016,train,energy,1.4650743007659912,2.6389532,0.0,757.0,36.0
1017,train,energy,2.0484468936920166,2.8108513,0.0,1307.0,54.0
1018,train,energy,6.656217098236084,1.3418185,0.0,105.0,1.0
1019,train,energy,2.8189549446105957,0.0012074569,1.0,902.0,9.0
1020,train,energy,6.8766913414001465,3.106433,0.0,1291.0,2.0
1021,train,energy,2.8334295749664307,3.9373908,0.0,1245.0,21.0
1022,train,energy,4.838448524475098,0.022540903,1.0,3272.0,22.0
1023,train,energy,1.6251119375228882,3.2037606,0.0,3419.0,52.0
1024,train,energy,2.4557313919067383,2.6029825,0.0,102.0,16.0
1025,train,energy,8.397917747497559,3.71907,0.0,2881.0,5.0
1026,train,energy,2.296621561050415,3.5206099,0.0,1683.0,35.0
1027,train,energy,2.627695083618164,4.0522447,0.0,2398.0,14.0
1028,train,energy,2.8125805854797363,0.41390163,1.0,2560.0,7.0
1029,train,energy,2.407412528991699,2.510058,0.0,3201.0,31.0
1030,train,energy,9.434762001037598,1.4664468,1.0,1942.0,59.0
1031,train,energy,2.1093828678131104,3.7396607,0.0,1316.0,54.0
1032,train,energy,3.6630945205688477,0.11934457,1.0,1519.0,22.0
1033,train,energy,2.8997340202331543,2.7818222,0.0,486.0,54.0
1034,train,energy,4.148587703704834,3.535284,0.0,858.0,19.0
1035,train,energy,2.0404419898986816,0.8383012,1.0,779.0,61.0
1036,train,energy,4.88325309753418,0.46044844,1.0,3274.0,14.0
1037,train,energy,4.3365631103515625,1.9791808,0.0,1236.0,25.0
1038,train,energy,4.400312423706055,0.13588582,1.0,2128.0,9.0
1039,train,energy,2.7465968132019043,1.8740013,1.0,372.0,1.0
1040,train,energy,2.415250301361084,2.737904,0.0,1839.0,49.0
1041,train,energy,1.9901108741760254,3.1358118,0.0,2492.0,28.0
1042,train,energy,5.125316143035889,0.32944018,1.0,3013.0,50.0
1043,train,energy,4.118432521820068,2.8660364,0.0,3416.0,23.0
1044,train,energy,3.123178482055664,1.0801233,1.0,110.0,50.0
1045,train,energy,3.088583469390869,1.9830217,0.0,3258.0,43.0
1046,train,energy,2.8288681507110596,3.0034494,0.0,3053.0,62.0
1047,train,energy,2.269469738006592,0.66235083,1.0,1582.0,61.0
1048,train,energy,5.515307903289795,3.1629643,0.0,3456.0,62.0
1049,train,energy,3.712103843688965,0.8330226,1.0,2967.0,44.0
1050,train,energy,1.890849232673645,0.18443523,1.0,242.0,8.0
1051,train,energy,3.852311372756958,0.20291565,1.0,1196.0,38.0
1052,train,energy,3.5663225650787354,4.012144,0.0,1730.0,3.0
1053,train,energy,3.8104360103607178,2.2911854,0.0,2063.0,55.0
1054,train,energy,2.639960289001465,5.296442,0.0,75.0,19.0
1055,train,energy,2.4165022373199463,0.7895847,1.0,2537.0,14.0
1056,train,energy,2.3441176414489746,1.994024,0.0,1815.0,2.0
1057,train,energy,8.20905590057373,0.5441987,1.0,252.0,10.0
1058,train,energy,2.0562963485717773,0.40636608,1.0,3324.0,61.0
1059,train,energy,3.8513379096984863,3.0175843,0.0,2205.0,64.0
1060,train,energy,2.609144449234009,2.7153437,0.0,2762.0,11.0
1061,train,energy,3.345754861831665,3.3728137,0.0,266.0,5.0
1062,train,energy,7.921739101409912,2.868259,0.0,1000.0,45.0
1063,train,energy,3.1209492683410645,1.6888701,1.0,1994.0,41.0
1064,train,energy,6.567287445068359,1.4132247,1.0,3155.0,62.0
1065,train,energy,4.289747714996338,1.8311217,0.0,2513.0,32.0
1066,train,energy,1.760644555091858,0.92399037,1.0,3286.0,16.0
1067,train,energy,2.948662281036377,0.36688846,1.0,37.0,34.0
1068,train,energy,6.311270236968994,5.8226714,0.0,722.0,11.0
1069,train,energy,3.292804479598999,1.4794551,1.0,815.0,30.0
1070,train,energy,2.821964979171753,3.1386793,0.0,71.0,30.0
1071,train,energy,2.6444787979125977,4.0659947,0.0,2121.0,43.0
1072,train,energy,4.773281097412109,3.2978263,0.0,3102.0,55.0
1073,train,energy,3.534015655517578,0.19219646,1.0,2040.0,23.0
1074,train,energy,3.878506660461426,3.4685848,0.0,3211.0,1.0
1075,train,energy,3.3134407997131348,2.1300695,0.0,232.0,26.0
1076,train,energy,3.1213674545288086,2.0021274,0.0,2575.0,10.0
1077,train,energy,2.263383626937866,0.031867493,1.0,3016.0,8.0
1078,train,energy,5.431396007537842,0.07615543,1.0,2276.0,22.0
1079,train,energy,1.8227965831756592,3.9250712,0.0,1890.0,27.0
1080,train,energy,2.377181053161621,1.04789,0.0,1612.0,18.0
1081,train,energy,2.817685127258301,2.55576,0.0,1569.0,5.0
1082,train,energy,2.150629758834839,0.009530522,1.0,978.0,29.0
1083,train,energy,5.894251823425293,1.1685473,1.0,2008.0,38.0
1084,train,energy,2.259117364883423,1.104713,1.0,3092.0,6.0
1085,train,energy,4.458493709564209,0.045099977,1.0,2890.0,22.0
1086,train,energy,2.4492313861846924,4.3088408,0.0,1265.0,52.0
1087,train,energy,4.126155853271484,10.120549,0.0,2985.0,0.0
1088,train,energy,3.253002643585205,3.570134,0.0,3277.0,43.0
1089,train,energy,5.5869245529174805,0.002136093,1.0,738.0,8.0
1090,train,energy,2.8694674968719482,3.059204,0.0,3192.0,63.0
1091,train,energy,2.8174495697021484,0.13780716,1.0,1330.0,4.0
1092,train,energy,3.3331520557403564,3.5325956,0.0,451.0,37.0
1093,train,energy,3.3890748023986816,1.7190967,1.0,1329.0,17.0
1094,train,energy,3.481011390686035,2.8505645,0.0,2740.0,46.0
1095,train,energy,2.712993621826172,0.52780926,1.0,3020.0,6.0
1096,train,energy,2.6047170162200928,0.14272873,1.0,3232.0,8.0
1097,train,energy,3.1011171340942383,2.7077048,0.0,3308.0,24.0
1098,train,energy,4.0896100997924805,2.8106952,0.0,2480.0,57.0
1099,train,energy,4.798043251037598,1.8544161,1.0,3017.0,55.0
1100,train,energy,2.766374349594116,4.3526907,0.0,1862.0,2.0
1101,train,energy,3.194552421569824,2.6517992,0.0,3466.0,60.0
1102,train,energy,2.841918468475342,2.571475,0.0,2003.0,30.0
1103,train,energy,3.937520742416382,6.2656813,0.0,2070.0,20.0
1104,train,energy,5.868265628814697,2.4926898,0.0,2220.0,12.0
1105,train,energy,2.5895228385925293,1.9511988,0.0,2634.0,36.0
1106,train,energy,3.3057737350463867,3.4813738,0.0,2261.0,20.0
1107,train,energy,3.58009934425354,2.2399397,0.0,1675.0,27.0
1108,train,energy,3.188354969024658,0.0013644919,1.0,3432.0,18.0
1109,train,energy,3.955775737762451,2.0005999,0.0,745.0,51.0
1110,train,energy,2.564699411392212,4.1905537,0.0,998.0,24.0
1111,train,energy,2.4085805416107178,2.5713258,0.0,273.0,11.0
1112,train,energy,3.170491933822632,2.4184618,0.0,1875.0,54.0
1113,train,energy,1.6588366031646729,6.3716054,0.0,1271.0,0.0
1114,train,energy,2.423184394836426,1.4753032,1.0,512.0,21.0
1115,train,energy,3.947071075439453,0.047119565,1.0,2622.0,22.0
1116,train,energy,1.909252405166626,3.8007774,0.0,1756.0,28.0
1117,train,energy,7.074194431304932,0.7592229,1.0,1491.0,25.0
1118,train,energy,2.4035708904266357,0.43657103,1.0,2633.0,61.0
1119,train,energy,2.8377132415771484,0.67179763,1.0,1812.0,26.0
1120,train,energy,7.244542121887207,0.1695069,1.0,1377.0,23.0
1121,train,energy,5.231780052185059,1.4141064,1.0,1449.0,26.0
1122,train,energy,2.881941795349121,2.3386059,0.0,1281.0,46.0
1123,train,energy,2.164116382598877,0.106207564,1.0,1140.0,8.0
1124,train,energy,4.650691509246826,0.648904,1.0,773.0,25.0
1125,train,energy,1.5027053356170654,1.3597603,1.0,2251.0,2.0
1126,train,energy,2.6266942024230957,2.5506449,0.0,1614.0,3.0
1127,train,energy,1.995798110961914,5.446241,0.0,584.0,34.0
1128,train,energy,3.2930195331573486,1.3254653,0.0,2299.0,48.0
1129,train,energy,8.84982681274414,11.8736515,0.0,718.0,17.0
1130,train,energy,6.483649253845215,1.8821108,0.0,1773.0,52.0
1131,train,energy,5.414660453796387,2.0589406,0.0,1529.0,59.0
1132,train,energy,5.157384872436523,3.406619,0.0,860.0,1.0
1133,train,energy,1.9672975540161133,4.3890257,0.0,629.0,18.0
1134,train,energy,3.280536651611328,3.3553061,0.0,2872.0,5.0
1135,train,energy,3.938251256942749,0.36786902,1.0,3039.0,19.0
1136,train,energy,6.2717180252075195,1.4803386,1.0,734.0,63.0
1137,train,energy,3.6685681343078613,3.3598776,0.0,3287.0,17.0
1138,train,energy,4.839684963226318,1.5982584,1.0,1574.0,3.0
1139,train,energy,3.3419201374053955,4.14165,0.0,1809.0,3.0
1140,train,energy,3.21467924118042,3.2945395,0.0,1634.0,24.0
1141,train,energy,2.1178767681121826,2.0215251,0.0,2823.0,39.0
1142,train,energy,8.864006996154785,0.80769396,1.0,2593.0,55.0
1143,train,energy,1.79279625415802,4.4229126,0.0,1826.0,47.0
1144,train,energy,4.443810939788818,1.8182507,1.0,3138.0,62.0
1145,train,energy,6.606500625610352,0.14493135,1.0,141.0,56.0
1146,train,energy,3.808196783065796,1.0305843,1.0,1392.0,36.0
1147,train,energy,3.048414707183838,0.18355733,1.0,1136.0,22.0
1148,train,energy,3.7744839191436768,0.64264405,1.0,257.0,1.0
1149,train,energy,5.7496724128723145,4.29239,0.0,3034.0,32.0
1150,train,energy,4.246580123901367,5.4569316,0.0,1705.0,11.0
1151,train,energy,2.136838912963867,3.6076918,0.0,215.0,10.0
1152,train,energy,3.223446846008301,0.009366616,1.0,2173.0,56.0
1153,train,energy,1.7378385066986084,2.1874123,0.0,2927.0,14.0
1154,train,energy,3.488734245300293,4.9266667,0.0,1780.0,49.0
1155,train,energy,3.7220115661621094,0.107307024,1.0,2161.0,7.0
1156,train,energy,3.524747848510742,1.3967997,1.0,1294.0,7.0
1157,train,energy,3.180657386779785,0.4883633,1.0,2208.0,15.0
1158,train,energy,3.6878929138183594,2.8006654,0.0,2595.0,24.0
1159,train,energy,2.7988595962524414,2.3066888,0.0,3171.0,34.0
1160,train,energy,3.7058444023132324,0.05042626,1.0,202.0,9.0
1161,train,energy,3.9212260246276855,0.029596735,1.0,1106.0,9.0
1162,train,energy,9.723538398742676,0.028937073,1.0,2469.0,4.0
1163,train,energy,3.4025168418884277,3.073812,0.0,802.0,5.0
1164,train,energy,2.3633885383605957,4.168068,0.0,2058.0,0.0
1165,train,energy,3.4445178508758545,2.1017904,0.0,264.0,57.0
1166,train,energy,1.9599647521972656,1.285884,1.0,1126.0,26.0
1167,train,energy,2.824831485748291,0.25287744,1.0,2292.0,7.0
1168,train,energy,4.984370231628418,1.5605464,1.0,714.0,46.0
1169,train,energy,2.2121479511260986,2.7691884,0.0,842.0,47.0
1170,train,energy,3.005734443664551,0.21198805,1.0,631.0,61.0
1171,train,energy,1.349523901939392,0.61204827,1.0,735.0,38.0
1172,train,energy,2.1212077140808105,1.6032698,1.0,2864.0,20.0
1173,train,energy,3.6150102615356445,2.0229383,0.0,641.0,52.0
1174,train,energy,6.120124816894531,0.41054434,1.0,3159.0,4.0
1175,train,energy,6.321700096130371,0.48710886,1.0,1770.0,10.0
1176,train,energy,1.5687336921691895,1.9894929,0.0,2983.0,3.0
1177,train,energy,2.584010124206543,0.17080961,1.0,1556.0,28.0
1178,train,energy,2.3184704780578613,1.9065776,1.0,2117.0,61.0
1179,train,energy,3.096384286880493,2.8218262,0.0,907.0,59.0
1180,train,energy,6.265556335449219,4.1980357,0.0,2748.0,57.0
1181,train,energy,3.8085734844207764,0.03449307,1.0,128.0,56.0
1182,train,energy,2.9517569541931152,2.2454836,0.0,2354.0,35.0
1183,train,energy,4.8538312911987305,1.4378821,1.0,45.0,11.0
1184,train,energy,1.817070484161377,1.0278085,1.0,3112.0,42.0
1185,train,energy,2.7842681407928467,4.5506983,0.0,709.0,60.0
1186,train,energy,4.223590850830078,4.1668067,0.0,2410.0,10.0
1187,train,energy,2.278966188430786,3.7546058,0.0,3008.0,48.0
1188,train,energy,3.215132236480713,0.950072,1.0,1817.0,29.0
1189,train,energy,3.521307945251465,1.7783608,0.0,509.0,27.0
1190,train,energy,6.836155891418457,4.6189976,0.0,3467.0,9.0
1191,train,energy,1.388628363609314,0.51568043,1.0,2702.0,44.0
1192,train,energy,5.991514205932617,2.9047503,0.0,880.0,21.0
1193,train,energy,4.4565019607543945,0.6208546,1.0,2483.0,30.0
1194,train,energy,5.142629623413086,3.472328,0.0,955.0,35.0
1195,train,energy,6.951379776000977,5.697443,0.0,1467.0,29.0
1196,train,energy,2.8775856494903564,4.1686716,0.0,848.0,10.0
1197,train,energy,6.889416694641113,0.54994476,1.0,2947.0,58.0
1198,train,energy,3.7625184059143066,1.6761556,1.0,1616.0,1.0
1199,train,energy,5.31077241897583,0.06510268,1.0,296.0,0.0
1200,train,energy,3.610775947570801,6.0049148,0.0,934.0,59.0
1201,train,energy,4.475742816925049,1.3858873,1.0,1864.0,62.0
1202,train,energy,2.0195486545562744,3.9535718,0.0,210.0,57.0
1203,train,energy,3.8426170349121094,0.037556324,1.0,380.0,22.0
1204,train,energy,2.8662075996398926,0.12274486,1.0,147.0,10.0
1205,train,energy,2.8679184913635254,1.2595644,1.0,2123.0,15.0
1206,train,energy,3.9098546504974365,2.130599,0.0,582.0,58.0
1207,train,energy,3.908940076828003,2.1154516,0.0,337.0,54.0
1208,train,energy,2.366664409637451,0.88420326,1.0,2415.0,30.0
1209,train,energy,3.3985228538513184,6.4854937,0.0,119.0,21.0
1210,train,energy,6.787348747253418,0.01940119,1.0,3408.0,22.0
1211,train,energy,1.7890220880508423,2.9566922,0.0,1703.0,27.0
1212,train,energy,2.8279590606689453,3.4896452,0.0,499.0,47.0
1213,train,energy,3.334778308868408,0.02811843,1.0,2320.0,9.0
1214,train,energy,2.2284698486328125,1.0887628,1.0,3087.0,56.0
1215,train,energy,2.553783893585205,1.881598,0.0,3351.0,42.0
1216,train,energy,3.203120708465576,0.95099294,1.0,3106.0,61.0
1217,train,energy,2.7300117015838623,5.014141,0.0,288.0,0.0
1218,train,energy,3.817301034927368,0.3690488,1.0,2768.0,9.0
1219,train,energy,3.532665491104126,1.4063315,1.0,1967.0,17.0
1220,train,energy,5.316929817199707,0.74121165,1.0,3305.0,44.0
1221,train,energy,3.19797420501709,0.13088539,1.0,1336.0,23.0
1222,train,energy,3.5226516723632812,3.173678,0.0,674.0,44.0
1223,train,energy,2.605506181716919,2.0430093,0.0,643.0,41.0
1224,train,energy,2.9726450443267822,0.045383908,1.0,796.0,10.0
1225,train,energy,4.035705089569092,2.112581,0.0,2440.0,57.0
1226,train,energy,4.252077102661133,0.799567,1.0,2277.0,49.0
1227,train,energy,2.8510091304779053,2.5336807,0.0,1926.0,55.0
1228,train,energy,3.2895374298095703,2.6265097,0.0,713.0,6.0
1229,train,energy,3.168971061706543,0.6915554,1.0,3094.0,1.0
1230,train,energy,3.6903762817382812,1.8762538,0.0,1613.0,34.0
1231,train,energy,4.269924163818359,3.502162,0.0,1984.0,2.0
1232,train,energy,3.643819570541382,2.154896,0.0,197.0,12.0
1233,train,energy,1.7009377479553223,5.042757,0.0,678.0,24.0
1234,train,energy,3.5141570568084717,1.3388457,1.0,2366.0,9.0
1235,train,energy,3.5257716178894043,0.060840465,1.0,1976.0,9.0
1236,train,energy,2.7339234352111816,0.65459806,1.0,1949.0,19.0
1237,train,energy,1.8263989686965942,0.48683608,1.0,1801.0,15.0
1238,train,energy,3.246199131011963,2.373141,0.0,793.0,61.0
1239,train,energy,5.817255020141602,2.6761422,0.0,2493.0,6.0
1240,train,energy,2.84940242767334,3.6221843,0.0,2980.0,38.0
1241,train,energy,8.52367877960205,3.742665,0.0,1184.0,42.0
1242,train,energy,3.2497317790985107,1.8628864,0.0,3028.0,23.0
1243,train,energy,3.617222785949707,1.1682593,1.0,702.0,16.0
1244,train,energy,8.715977668762207,1.0312204,1.0,622.0,60.0
1245,train,energy,2.7469024658203125,1.0900242,1.0,1262.0,61.0
1246,train,energy,2.8428754806518555,1.6311245,0.0,2152.0,1.0
1247,train,energy,2.6550261974334717,0.009631947,1.0,248.0,9.0
1248,train,energy,3.7992491722106934,3.052041,0.0,2263.0,43.0
1249,train,energy,3.347080707550049,0.16696113,1.0,2371.0,4.0
1250,train,energy,2.6765339374542236,2.3120825,0.0,1640.0,11.0
1251,train,energy,4.332422256469727,0.41381493,1.0,1333.0,1.0
1252,train,energy,13.01514720916748,0.8365637,1.0,2811.0,41.0
1253,train,energy,8.03480052947998,1.9772658,0.0,505.0,44.0
1254,train,energy,2.558190107345581,0.254476,1.0,2552.0,22.0
1255,train,energy,2.7724087238311768,4.0933127,0.0,1788.0,20.0
1256,train,energy,2.769174098968506,1.205323,1.0,2165.0,11.0
1257,train,energy,3.6293838024139404,1.9276178,0.0,3335.0,25.0
1258,train,energy,9.548257827758789,2.4040165,0.0,1207.0,64.0
1259,train,energy,2.580561637878418,0.27319005,1.0,1933.0,4.0
1260,train,energy,4.371312618255615,1.4128855,0.0,1691.0,53.0
1261,train,energy,3.258336067199707,4.09551,0.0,1452.0,52.0
1262,train,energy,4.873509407043457,1.234642,1.0,2267.0,36.0
1263,train,energy,2.7933077812194824,3.457692,0.0,2455.0,38.0
1264,train,energy,3.3357901573181152,0.09874867,1.0,2858.0,4.0
1265,train,energy,4.371963977813721,0.8189485,1.0,3100.0,30.0
1266,train,energy,3.109630823135376,4.1692324,0.0,431.0,40.0
1267,train,energy,3.1713273525238037,3.0998847,0.0,2613.0,34.0
1268,train,energy,10.379754066467285,2.6207113,0.0,927.0,20.0
1269,train,energy,2.066375970840454,2.6051779,0.0,3248.0,31.0
1270,train,energy,3.7654075622558594,4.2225485,0.0,3420.0,54.0
1271,train,energy,2.6875834465026855,5.3596907,0.0,2212.0,20.0
1272,train,energy,3.185007333755493,2.5704122,0.0,235.0,6.0
1273,train,energy,4.947842597961426,3.5061617,0.0,2716.0,49.0
1274,train,energy,4.423746109008789,3.5203261,0.0,2649.0,12.0
1275,train,energy,2.492835521697998,0.22773048,1.0,3024.0,10.0
1276,train,energy,2.587745428085327,1.6717638,0.0,1505.0,16.0
1277,train,energy,2.4406731128692627,1.6216979,1.0,2945.0,34.0
1278,train,energy,2.8505406379699707,1.875885,0.0,2708.0,64.0
1279,train,energy,1.384405493736267,0.24916168,1.0,1599.0,9.0
1280,train,energy,2.083026885986328,0.13680178,1.0,3369.0,55.0
1281,train,energy,4.518618106842041,1.9178663,1.0,1571.0,64.0
1282,train,energy,3.60162353515625,0.18975985,1.0,2583.0,1.0
1283,train,energy,4.874813556671143,2.3514764,0.0,2454.0,20.0
1284,train,energy,2.884092330932617,1.5986131,0.0,977.0,7.0
1285,train,energy,5.747666358947754,1.604671,0.0,2482.0,21.0
1286,train,energy,4.935543537139893,2.564589,0.0,2803.0,13.0
1287,train,energy,2.837515354156494,0.015145776,1.0,684.0,4.0
1288,train,energy,6.355533599853516,3.556157,0.0,247.0,54.0
1289,train,energy,2.5204076766967773,3.1144135,0.0,3212.0,3.0
1290,train,energy,2.964311122894287,3.5949807,0.0,3397.0,57.0
1291,train,energy,1.0489170551300049,2.0313134,0.0,1769.0,17.0
1292,train,energy,9.395322799682617,4.236208,0.0,814.0,1.0
1293,train,energy,4.352931022644043,3.9916837,0.0,2959.0,3.0
1294,train,energy,6.421480178833008,1.7196887,1.0,1747.0,42.0
1295,train,energy,4.533072471618652,3.377428,0.0,721.0,13.0
1296,train,energy,1.8507709503173828,1.0132478,1.0,2162.0,51.0
1297,train,energy,1.8007575273513794,1.0986443,1.0,1818.0,14.0
1298,train,energy,7.4919047355651855,2.6348386,0.0,950.0,37.0
1299,train,energy,1.9730522632598877,2.5284903,0.0,833.0,63.0
1300,train,energy,2.5549488067626953,2.304214,0.0,2916.0,45.0
1301,train,energy,4.514419078826904,1.5665977,1.0,2088.0,5.0
1302,train,energy,2.323942184448242,3.7053843,0.0,1246.0,12.0
1303,train,energy,2.868215560913086,1.2389278,1.0,134.0,26.0
1304,train,energy,4.70329475402832,1.9917389,1.0,3387.0,0.0
1305,train,energy,5.689837455749512,2.1548579,0.0,1408.0,28.0
1306,train,energy,2.409750461578369,0.10052165,1.0,1624.0,4.0
1307,train,energy,4.102669715881348,1.1454195,1.0,2385.0,11.0
1308,train,energy,2.798417568206787,0.131947,1.0,551.0,61.0
1309,train,energy,5.247219085693359,4.1493254,0.0,274.0,6.0
1310,train,energy,2.407377243041992,1.1855974,1.0,94.0,31.0
1311,train,energy,4.3147196769714355,1.8598949,1.0,324.0,42.0
1312,train,energy,2.411524772644043,0.39469436,1.0,1792.0,1.0
1313,train,energy,3.083385944366455,0.92082053,1.0,2558.0,47.0
1314,train,energy,3.1540322303771973,5.546273,0.0,1651.0,21.0
1315,train,energy,5.437611103057861,2.4408455,0.0,63.0,13.0
1316,train,energy,3.0154104232788086,2.0308557,0.0,200.0,13.0
1317,train,energy,6.801604270935059,3.661542,0.0,1893.0,19.0
1318,train,energy,2.2304670810699463,0.19664054,1.0,1742.0,29.0
1319,train,energy,5.9489240646362305,2.020792,0.0,1320.0,55.0
1320,train,energy,8.86286735534668,3.1580784,0.0,1654.0,41.0
1321,train,energy,2.6742148399353027,5.3042493,0.0,1442.0,30.0
1322,train,energy,3.0162980556488037,1.7557241,0.0,1292.0,7.0
1323,train,energy,3.1239938735961914,1.35217,0.0,332.0,34.0
1324,train,energy,3.0940399169921875,5.1320124,0.0,1088.0,34.0
1325,train,energy,2.787327289581299,2.6606746,0.0,854.0,0.0
1326,train,energy,4.370388984680176,1.4441981,0.0,21.0,3.0
1327,train,energy,2.9455552101135254,0.6212968,1.0,1018.0,49.0
1328,train,energy,4.313483715057373,2.120223,0.0,2022.0,13.0
1329,train,energy,3.440931558609009,2.2261486,0.0,3029.0,47.0
1330,train,energy,1.9856221675872803,3.214743,0.0,3434.0,43.0
1331,train,energy,4.546639919281006,2.7522922,0.0,1325.0,35.0
1332,train,energy,1.6569218635559082,3.4532433,0.0,839.0,54.0
1333,train,energy,5.94187068939209,1.7705739,0.0,2334.0,11.0
1334,train,energy,3.1289021968841553,1.9825602,0.0,1594.0,27.0
1335,train,energy,3.722459077835083,0.45622823,1.0,705.0,44.0
1336,train,energy,2.5231690406799316,1.9791113,1.0,501.0,55.0
1337,train,energy,3.6899924278259277,5.143822,0.0,2957.0,33.0
1338,train,energy,3.941293954849243,2.7035713,0.0,3190.0,37.0
1339,train,energy,4.037013530731201,1.0867068,1.0,249.0,17.0
1340,train,energy,3.4497008323669434,0.6810066,1.0,1723.0,7.0
1341,train,energy,2.540498733520508,0.3690311,1.0,966.0,23.0
1342,train,energy,3.8165483474731445,3.591291,0.0,2068.0,37.0
1343,train,energy,4.207296371459961,2.6423316,0.0,2952.0,20.0
1344,train,energy,2.59688138961792,1.405858,1.0,1704.0,4.0
1345,train,energy,3.6826415061950684,2.4803858,0.0,2631.0,45.0
1346,train,energy,4.247777462005615,1.0441123,1.0,76.0,53.0
1347,train,energy,4.457454681396484,2.6643293,0.0,1629.0,17.0
1348,train,energy,3.728790283203125,1.1134741,1.0,1642.0,53.0
1349,train,energy,3.2912795543670654,0.754621,1.0,2802.0,29.0
1350,train,energy,1.835232138633728,3.1402016,0.0,910.0,45.0
1351,train,energy,3.9691214561462402,2.6365008,0.0,3400.0,35.0
1352,train,energy,4.16994047164917,1.3358266,1.0,2310.0,4.0
1353,train,energy,2.533386707305908,2.3688672,0.0,1332.0,21.0
1354,train,energy,4.5827412605285645,3.6866703,0.0,2570.0,21.0
1355,train,energy,2.7129621505737305,2.9985042,0.0,2089.0,21.0
1356,train,energy,2.194572687149048,0.056078292,1.0,1593.0,0.0
1357,train,energy,2.662484645843506,1.8559091,0.0,1718.0,54.0
1358,train,energy,6.692054748535156,0.03706307,1.0,989.0,29.0
1359,train,energy,5.374646186828613,1.5451219,1.0,1120.0,61.0
1360,train,energy,5.098591327667236,0.21892878,1.0,527.0,48.0
1361,train,energy,1.9038877487182617,3.8114195,0.0,3453.0,55.0
1362,train,energy,2.190114974975586,1.9567773,1.0,1858.0,30.0
1363,train,energy,2.7647504806518555,4.8878937,0.0,3047.0,40.0
1364,train,energy,3.5056943893432617,1.3620207,1.0,2865.0,64.0
1365,train,energy,6.471961498260498,2.3110178,1.0,2171.0,28.0
1366,train,energy,3.120962142944336,2.663661,0.0,993.0,59.0
1367,train,energy,2.1198134422302246,1.6195886,0.0,557.0,42.0
1368,train,energy,2.2658023834228516,1.7624006,0.0,1885.0,63.0
1369,train,energy,7.113375186920166,2.785354,0.0,1210.0,56.0
1370,train,energy,1.9403544664382935,0.035212494,1.0,578.0,9.0
1371,train,energy,2.922807455062866,3.4522734,0.0,2352.0,14.0
1372,train,energy,2.2786996364593506,0.3984274,1.0,639.0,63.0
1373,train,energy,2.6084678173065186,4.1279087,0.0,2411.0,28.0
1374,train,energy,4.175039291381836,3.9648407,0.0,3116.0,11.0
1375,train,energy,4.1434221267700195,0.71640915,1.0,2303.0,6.0
1376,train,energy,1.5176249742507935,1.8441025,0.0,3178.0,39.0
1377,train,energy,10.009485244750977,0.09187237,1.0,3299.0,44.0
1378,train,energy,5.772663116455078,3.816666,0.0,2447.0,13.0
1379,train,energy,3.489819288253784,5.483724,0.0,2879.0,28.0
1380,train,energy,2.9667582511901855,0.030416597,1.0,3266.0,22.0
1381,train,energy,2.3067116737365723,1.2688766,0.0,1290.0,22.0
1382,train,energy,2.5201125144958496,5.252309,0.0,2699.0,11.0
1383,train,energy,2.2692761421203613,3.4946506,0.0,165.0,59.0
1384,train,energy,5.508783340454102,4.16496,0.0,3458.0,44.0
1385,train,energy,4.601384162902832,3.3736265,0.0,1729.0,52.0
1386,train,energy,1.6186026334762573,1.064109,1.0,1148.0,38.0
1387,train,energy,2.7766337394714355,1.3258489,1.0,3406.0,63.0
1388,train,energy,3.0349318981170654,3.63699,0.0,1440.0,28.0
1389,train,energy,5.020016193389893,3.4640722,0.0,2336.0,28.0
1390,train,energy,2.8312883377075195,3.674703,0.0,3014.0,21.0
1391,train,energy,7.260024070739746,1.653604,1.0,36.0,52.0
1392,train,energy,2.2703425884246826,3.5469768,0.0,191.0,27.0
1393,train,energy,5.876889705657959,0.98828757,1.0,174.0,26.0
1394,train,energy,7.717170238494873,0.20151858,1.0,1180.0,44.0
1395,train,energy,2.891171932220459,0.05765485,1.0,2234.0,29.0
1396,train,energy,4.072701454162598,3.2955399,0.0,1460.0,3.0
1397,train,energy,2.4640297889709473,0.12758838,1.0,2287.0,8.0
1398,train,energy,2.883767604827881,3.215753,0.0,1255.0,19.0
1399,train,energy,3.2173409461975098,3.214931,0.0,1733.0,28.0
1400,train,energy,2.732880115509033,0.0609219,1.0,2909.0,56.0
1401,train,energy,2.893232583999634,0.4266979,1.0,1575.0,4.0
1402,train,energy,6.1532416343688965,2.1125064,0.0,2555.0,62.0
1403,train,energy,2.1938636302948,3.4395978,0.0,1845.0,35.0
1404,train,energy,3.6092276573181152,0.9392963,1.0,2496.0,56.0
1405,train,energy,4.187257289886475,1.5347769,1.0,719.0,47.0
1406,train,energy,4.314735412597656,0.71365356,1.0,1098.0,9.0
1407,train,energy,2.6183362007141113,0.58702296,1.0,3037.0,50.0
1408,train,energy,4.606863975524902,2.6434815,0.0,940.0,30.0
1409,train,energy,2.394608974456787,2.3437493,0.0,2624.0,55.0
1410,train,energy,2.0368611812591553,2.6228373,0.0,884.0,64.0
1411,train,energy,3.5466482639312744,0.28025213,1.0,2437.0,23.0
1412,train,energy,3.114339828491211,1.339205,0.0,3091.0,29.0
1413,train,energy,6.831183910369873,3.6963568,0.0,1576.0,2.0
1414,train,energy,2.3881399631500244,1.7251055,1.0,502.0,32.0
1415,train,energy,4.692903518676758,2.627946,0.0,2733.0,54.0
1416,train,energy,4.649383068084717,3.0030005,0.0,964.0,43.0
1417,train,energy,8.053462028503418,4.263751,0.0,3228.0,5.0
1418,train,energy,2.234102487564087,0.37438816,1.0,3398.0,61.0
1419,train,energy,3.40689754486084,0.27211535,1.0,1674.0,21.0
1420,train,energy,3.133509874343872,1.5120773,1.0,2078.0,48.0
1421,train,energy,3.6422648429870605,4.0368423,0.0,979.0,29.0
1422,train,energy,5.675920486450195,0.86863303,1.0,1995.0,44.0
1423,train,energy,2.014171838760376,2.3362887,0.0,2380.0,53.0
1424,train,energy,3.0447216033935547,1.5926685,1.0,3089.0,26.0
1425,train,energy,3.200774908065796,1.2788173,1.0,275.0,62.0
1426,train,energy,5.843789100646973,0.2960164,1.0,1389.0,50.0
1427,train,energy,2.1394574642181396,2.1890428,1.0,728.0,19.0
1428,train,energy,3.669043779373169,3.485917,0.0,550.0,54.0
1429,train,energy,3.997742176055908,0.8222482,1.0,844.0,61.0
1430,train,energy,2.87542724609375,5.3146105,0.0,395.0,41.0
1431,train,energy,2.54262113571167,1.3575172,1.0,3414.0,28.0
1432,train,energy,3.6693286895751953,2.7476082,0.0,1595.0,23.0
1433,train,energy,1.136565923690796,0.20114654,1.0,2859.0,29.0
1434,train,energy,3.024756908416748,3.6974542,0.0,2087.0,60.0
1435,train,energy,2.8539700508117676,1.7961217,0.0,1882.0,42.0
1436,train,energy,2.565491199493408,0.42111093,1.0,1073.0,1.0
1437,train,energy,4.5834269523620605,3.2662883,0.0,878.0,32.0
1438,train,energy,2.8284568786621094,1.5704472,0.0,253.0,56.0
1439,train,energy,2.074817419052124,3.7273054,0.0,2868.0,1.0
1440,train,energy,2.5386040210723877,3.431174,0.0,1041.0,13.0
1441,train,energy,2.7141754627227783,1.4449583,0.0,3402.0,25.0
1442,train,energy,2.3711276054382324,3.094901,0.0,1093.0,12.0
1443,train,energy,3.829432487487793,4.0284185,0.0,3376.0,39.0
1444,train,energy,2.2845776081085205,2.1618137,0.0,732.0,61.0
1445,train,energy,4.965203285217285,2.3509011,0.0,1373.0,30.0
1446,train,energy,2.2632322311401367,0.075129986,1.0,2426.0,4.0
1447,train,energy,3.4348435401916504,0.95145404,1.0,1855.0,47.0
1448,train,energy,3.0306310653686523,0.59402496,1.0,1834.0,30.0
1449,train,energy,2.787421226501465,2.5159059,0.0,1348.0,9.0
1450,train,energy,4.04142951965332,1.8960019,1.0,475.0,64.0
1451,train,energy,2.5783393383026123,2.6503785,0.0,3470.0,5.0
1452,train,energy,8.568289756774902,0.08310924,1.0,389.0,38.0
1453,train,energy,2.3380441665649414,2.1636322,0.0,1843.0,64.0
1454,train,energy,10.142215728759766,5.479844,0.0,3329.0,60.0
1455,train,energy,3.811988592147827,1.0923736,1.0,2273.0,62.0
1456,train,energy,2.8077316284179688,0.69504595,1.0,181.0,50.0
1457,train,energy,3.2354793548583984,3.3888898,0.0,3176.0,43.0
1458,train,energy,3.4145824909210205,3.851638,0.0,3293.0,5.0
1459,train,energy,1.3310396671295166,0.004252083,1.0,3373.0,9.0
1460,train,energy,2.577024221420288,2.6970348,0.0,3032.0,28.0
1461,train,energy,3.687692403793335,3.0944622,0.0,146.0,0.0
1462,train,energy,2.7847518920898438,1.200856,1.0,837.0,15.0
1463,train,energy,6.475070476531982,2.7743406,0.0,2607.0,28.0
1464,train,energy,1.6409605741500854,1.3553605,1.0,1064.0,60.0
1465,train,energy,5.259870529174805,4.7281055,0.0,3081.0,15.0
1466,train,energy,2.8913583755493164,1.6957059,0.0,2132.0,7.0
1467,train,energy,5.066131114959717,0.2959703,1.0,1679.0,22.0
1468,train,energy,2.620541572570801,5.5811844,0.0,548.0,53.0
1469,train,energy,2.4939932823181152,1.4492536,1.0,3319.0,2.0
1470,train,energy,14.742280960083008,2.3790407,0.0,3223.0,10.0
1471,train,energy,2.432318687438965,1.9214208,1.0,1806.0,37.0
1472,train,energy,1.3067435026168823,6.7505345,0.0,521.0,48.0
1473,train,energy,2.3222312927246094,1.9827595,0.0,535.0,40.0
1474,train,energy,3.0941624641418457,3.962321,0.0,422.0,60.0
1475,train,energy,8.7452392578125,1.198647,1.0,410.0,41.0
1476,train,energy,3.7096002101898193,2.9699965,0.0,770.0,30.0
1477,train,energy,3.186697006225586,0.20284909,1.0,1684.0,8.0
1478,train,energy,3.161156415939331,3.4579396,0.0,1708.0,47.0
1479,train,energy,2.8941307067871094,1.3981794,0.0,1074.0,62.0
1480,train,energy,3.9437179565429688,0.92384046,1.0,2801.0,28.0
1481,train,energy,4.558681011199951,2.2417002,0.0,3288.0,25.0
1482,train,energy,3.198800563812256,1.91316,0.0,574.0,54.0
1483,train,energy,5.057323455810547,3.16252,0.0,1227.0,40.0
1484,train,energy,2.8410184383392334,1.8998564,1.0,1472.0,63.0
1485,train,energy,1.6937259435653687,0.15453038,1.0,2989.0,9.0
1486,train,energy,3.8359508514404297,4.716791,0.0,1413.0,34.0
1487,train,energy,2.5119152069091797,3.302068,0.0,1777.0,60.0
1488,train,energy,7.714366436004639,3.21036,0.0,2090.0,16.0
1489,train,energy,2.109161138534546,0.009242251,1.0,894.0,8.0
1490,train,energy,3.377528429031372,0.74099827,1.0,891.0,37.0
1491,train,energy,2.6930809020996094,0.20240842,1.0,3052.0,18.0
1492,train,energy,2.1882786750793457,3.7553453,0.0,2495.0,10.0
1493,train,energy,3.102077007293701,4.1267653,0.0,204.0,0.0
1494,train,energy,3.1891889572143555,0.53927135,1.0,2516.0,55.0
1495,train,energy,5.785175323486328,3.1902413,0.0,1360.0,5.0
1496,train,energy,1.9141802787780762,6.1986723,0.0,576.0,6.0
1497,train,energy,3.4970626831054688,3.3910007,0.0,79.0,44.0
1498,train,energy,2.8153419494628906,0.9027681,1.0,3415.0,41.0
1499,train,energy,2.989187479019165,2.237317,0.0,453.0,23.0
1500,train,energy,3.6538078784942627,2.7527897,0.0,3206.0,60.0
1501,train,energy,3.224881172180176,5.672248,0.0,2339.0,48.0
1502,train,energy,1.9571408033370972,1.7756596,1.0,489.0,57.0
1503,train,energy,7.195621967315674,1.373286,0.0,1157.0,20.0
1504,train,energy,2.2529666423797607,0.034992542,1.0,589.0,29.0
1505,train,energy,4.0433030128479,1.4847564,0.0,1025.0,15.0
1506,train,energy,12.279815673828125,3.8416204,0.0,924.0,17.0
1507,train,energy,2.999800205230713,3.9185157,0.0,1898.0,5.0
1508,train,energy,4.591863632202148,5.8477197,0.0,27.0,61.0
1509,train,energy,3.343400001525879,0.3354308,1.0,821.0,1.0
1510,train,energy,4.948821067810059,1.9949734,0.0,943.0,44.0
1511,train,energy,2.4536643028259277,0.4739191,1.0,2350.0,25.0
1512,train,energy,7.013866424560547,7.788344,0.0,2590.0,53.0
1513,train,energy,2.912717342376709,2.6178708,0.0,1711.0,14.0
1514,train,energy,4.484643936157227,2.6015599,0.0,1171.0,3.0
1515,train,energy,4.552459239959717,0.3200109,1.0,16.0,15.0
1516,train,energy,2.7177517414093018,4.9562945,0.0,1775.0,48.0
1517,train,energy,7.618769645690918,3.3581312,0.0,385.0,56.0
1518,train,energy,2.7390732765197754,4.6067615,0.0,60.0,13.0
1519,train,energy,3.555488109588623,3.99991,0.0,3114.0,10.0
1520,train,energy,4.4654221534729,2.6565313,0.0,3252.0,54.0
1521,train,energy,4.104032516479492,1.961947,0.0,2280.0,6.0
1522,train,energy,2.696141481399536,1.3610764,1.0,2024.0,37.0
1523,train,energy,2.1597282886505127,0.6286969,1.0,1237.0,34.0
1524,train,energy,1.852665662765503,4.097772,0.0,2568.0,19.0
1525,train,energy,13.693558692932129,0.12721665,1.0,2968.0,55.0
1526,train,energy,4.35382080078125,2.0229468,0.0,1020.0,17.0
1527,train,energy,5.3665242195129395,6.162172,0.0,1633.0,37.0
1528,train,energy,2.5292932987213135,6.6207657,0.0,533.0,46.0
1529,train,energy,5.216577053070068,1.078863,1.0,321.0,1.0
1530,train,energy,2.325364112854004,2.0956173,0.0,483.0,52.0
1531,train,energy,5.411894798278809,0.21058756,1.0,2966.0,10.0
1532,train,energy,2.778752088546753,3.941422,0.0,2670.0,61.0
1533,train,energy,2.888331413269043,1.2037953,0.0,618.0,23.0
1534,train,energy,3.2958292961120605,1.5853503,0.0,1846.0,10.0
1535,train,energy,5.8991804122924805,0.77346706,1.0,3295.0,26.0
1536,train,energy,4.114294528961182,3.2653098,0.0,2683.0,1.0
1537,train,energy,2.4883506298065186,3.3424819,0.0,1774.0,6.0
1538,train,energy,4.732151031494141,1.293099,1.0,1891.0,30.0
1539,train,energy,4.293415069580078,4.5023117,0.0,1097.0,24.0
1540,train,energy,3.24013614654541,3.4649892,0.0,2245.0,1.0
1541,train,energy,3.2787559032440186,5.49467,0.0,2569.0,4.0
1542,train,energy,9.45248794555664,4.415595,0.0,1895.0,15.0
1543,train,energy,1.5917195081710815,0.6616544,1.0,2291.0,25.0
1544,train,energy,5.289623737335205,2.1450863,0.0,2042.0,37.0
1545,train,energy,2.4962751865386963,1.7542249,0.0,1786.0,31.0
1546,train,energy,2.3880059719085693,3.7286518,0.0,367.0,18.0
1547,train,energy,2.157682180404663,3.7191198,0.0,362.0,28.0
1548,train,energy,3.0039563179016113,1.0466655,1.0,2375.0,55.0
1549,train,energy,2.6748650074005127,6.469117,0.0,3483.0,59.0
1550,train,energy,2.1411914825439453,0.02178501,1.0,1836.0,22.0
1551,train,energy,2.1570496559143066,1.3168368,1.0,3320.0,42.0
1552,train,energy,2.1897377967834473,2.746058,0.0,3071.0,1.0
1553,train,energy,3.2584638595581055,0.6664765,1.0,418.0,34.0
1554,train,energy,1.6192924976348877,2.7593477,0.0,2988.0,31.0
1555,train,energy,8.264378547668457,1.8299909,0.0,2226.0,30.0
1556,train,energy,1.6620278358459473,1.9127295,0.0,3281.0,0.0
1557,train,energy,3.3875603675842285,2.0511372,0.0,1113.0,50.0
1558,train,energy,2.987075090408325,2.561706,0.0,3200.0,1.0
1559,train,energy,2.4840478897094727,1.821218,0.0,59.0,46.0
1560,train,energy,2.66960072517395,2.194923,0.0,1559.0,43.0
1561,train,energy,2.635781764984131,2.9081986,0.0,1547.0,38.0
1562,train,energy,3.750150442123413,2.90165,0.0,1239.0,10.0
1563,train,energy,2.6815309524536133,3.993092,0.0,2618.0,31.0
1564,train,energy,2.632869243621826,2.509396,0.0,890.0,16.0
1565,train,energy,4.026213645935059,4.280089,0.0,2661.0,46.0
1566,train,energy,2.624880790710449,5.1383233,0.0,870.0,41.0
1567,train,energy,4.935718059539795,6.889379,0.0,1381.0,38.0
1568,train,energy,2.876628875732422,2.5119772,0.0,2296.0,11.0
1569,train,energy,1.3092081546783447,1.2210308,1.0,2408.0,15.0
1570,train,energy,3.427947759628296,4.909601,0.0,1160.0,50.0
1571,train,energy,3.107433557510376,0.52464306,1.0,3243.0,61.0
1572,train,energy,3.032465696334839,6.554599,0.0,2995.0,44.0
1573,train,energy,3.4238345623016357,1.6677841,0.0,704.0,32.0
1574,train,energy,2.2464091777801514,1.920099,0.0,3307.0,5.0
1575,train,energy,2.3195531368255615,0.37028468,1.0,1945.0,4.0
1576,train,energy,5.530919551849365,0.015670024,1.0,2386.0,9.0
1577,train,energy,3.3631515502929688,0.0005769257,1.0,438.0,8.0
1578,train,energy,3.342500925064087,3.9446359,0.0,1759.0,60.0
1579,train,energy,4.527740001678467,1.1248962,1.0,331.0,14.0
1580,train,energy,2.3527867794036865,2.905312,0.0,3031.0,44.0
1581,train,energy,2.4164419174194336,0.70806575,1.0,2382.0,51.0
1582,train,energy,1.8260114192962646,0.055920824,1.0,2499.0,56.0
1583,train,energy,2.0624585151672363,0.5366565,1.0,2404.0,25.0
1584,train,energy,5.016872406005859,0.6353306,1.0,1652.0,10.0
1585,train,energy,3.3195314407348633,3.8719983,0.0,2842.0,61.0
1586,train,energy,3.6707029342651367,0.036891323,1.0,1228.0,4.0
1587,train,energy,2.7652928829193115,2.535658,0.0,920.0,38.0
1588,train,energy,2.608532190322876,0.1527806,1.0,3001.0,10.0
1589,train,energy,4.6681365966796875,0.8454566,1.0,510.0,43.0
1590,train,energy,2.194127321243286,2.7061634,0.0,2757.0,50.0
1591,train,energy,2.965308904647827,0.33441648,1.0,1076.0,0.0
1592,train,energy,2.8143954277038574,5.5304327,0.0,2827.0,21.0
1593,train,energy,3.2384963035583496,1.966996,0.0,503.0,63.0
1594,train,energy,2.3794987201690674,0.7043434,1.0,707.0,16.0
1595,train,energy,2.059612274169922,2.43536,0.0,681.0,21.0
1596,train,energy,2.5345053672790527,5.479813,0.0,1269.0,46.0
1597,train,energy,2.3518238067626953,2.4395173,0.0,2422.0,30.0
1598,train,energy,5.915628433227539,0.77652633,1.0,1525.0,36.0
1599,train,energy,1.8031704425811768,2.5774791,0.0,1636.0,34.0
1600,train,energy,6.405642509460449,5.252822,0.0,3130.0,50.0
1601,train,energy,3.1377153396606445,1.6302968,1.0,2295.0,39.0
1602,train,energy,3.3163647651672363,6.892188,0.0,2639.0,15.0
1603,train,energy,4.4589104652404785,0.74273986,1.0,2138.0,0.0
1604,train,energy,4.413538932800293,2.3893113,0.0,1607.0,3.0
1605,train,energy,1.8545637130737305,2.0578527,0.0,113.0,42.0
1606,train,energy,2.4630138874053955,1.8622082,1.0,2335.0,39.0
1607,train,energy,2.652355670928955,3.5905113,0.0,2610.0,21.0
1608,train,energy,4.93269681930542,0.018173022,1.0,1274.0,18.0
1609,train,energy,2.5125503540039062,0.7516316,1.0,3118.0,61.0
1610,train,energy,3.147526741027832,0.40639794,1.0,2900.0,36.0
1611,train,energy,4.070987701416016,1.4193848,0.0,3185.0,43.0
1612,train,energy,2.5868802070617676,3.9103374,0.0,3361.0,25.0
1613,train,energy,1.888225793838501,1.9324875,0.0,765.0,13.0
1614,train,energy,4.540314197540283,0.3131114,1.0,207.0,48.0
1615,train,energy,3.68856143951416,2.6118555,0.0,1305.0,53.0
1616,train,energy,14.628996849060059,3.8672423,0.0,1830.0,33.0
1617,train,energy,2.013434886932373,0.43771178,1.0,2785.0,14.0
1618,train,energy,1.8234494924545288,2.2396176,0.0,118.0,10.0
1619,train,energy,1.519468069076538,4.4174614,0.0,346.0,33.0
1620,train,energy,2.446230888366699,3.8751369,0.0,1447.0,27.0
1621,train,energy,2.74582576751709,2.4966788,0.0,3450.0,48.0
1622,train,energy,1.7348227500915527,2.1008554,0.0,1414.0,31.0
1623,train,energy,2.1897377967834473,2.5255384,0.0,711.0,46.0
1624,train,energy,3.2639992237091064,3.0675645,0.0,82.0,40.0
1625,train,energy,2.614816188812256,3.417715,0.0,3220.0,27.0
1626,train,energy,6.168949604034424,4.281833,0.0,925.0,21.0
1627,train,energy,7.2675461769104,3.528645,0.0,1781.0,14.0
1628,train,energy,10.634922981262207,3.2173815,0.0,832.0,20.0
1629,train,energy,1.8591794967651367,2.116068,0.0,1286.0,59.0
1630,train,energy,4.460306644439697,1.824247,0.0,545.0,3.0
1631,train,energy,3.350285291671753,1.383631,1.0,1390.0,64.0
1632,train,energy,3.628774642944336,1.1702557,1.0,685.0,28.0
1633,train,energy,3.237776279449463,3.922157,0.0,2729.0,40.0
1634,train,energy,3.0777721405029297,5.175413,0.0,2244.0,57.0
1635,train,energy,6.893950939178467,1.0821812,1.0,140.0,27.0
1636,train,energy,2.1794347763061523,1.6875921,0.0,3168.0,31.0
1637,train,energy,6.447880744934082,0.00954599,1.0,1946.0,56.0
1638,train,energy,3.0804519653320312,2.793093,0.0,2130.0,51.0
1639,train,energy,4.316521167755127,3.7295246,0.0,1117.0,54.0
1640,train,energy,3.016904830932617,2.019135,0.0,1164.0,52.0
1641,train,energy,4.215738296508789,3.6270375,0.0,2765.0,64.0
1642,train,energy,6.957558631896973,2.827786,0.0,2644.0,3.0
1643,train,energy,4.511972427368164,2.0310948,0.0,2846.0,53.0
1644,train,energy,4.124344348907471,3.3378394,0.0,1308.0,0.0
1645,train,energy,13.063185691833496,0.7527072,1.0,1707.0,32.0
1646,train,energy,2.4554877281188965,0.34768102,1.0,2603.0,4.0
1647,train,energy,3.268306255340576,1.0171943,1.0,1445.0,34.0
1648,train,energy,2.563554286956787,2.7832613,0.0,2606.0,16.0
1649,train,energy,1.9331059455871582,1.778128,0.0,28.0,58.0
1650,train,energy,6.202559471130371,1.7276752,0.0,404.0,25.0
1651,train,energy,3.968573570251465,4.060155,0.0,1238.0,50.0
1652,train,energy,5.589934349060059,2.6003487,0.0,2623.0,46.0
1653,train,energy,12.130569458007812,0.29820278,1.0,3173.0,4.0
1654,train,energy,4.120150566101074,1.7655797,1.0,3119.0,57.0
1655,train,energy,3.2404606342315674,0.7182705,1.0,2815.0,51.0
1656,train,energy,5.16566276550293,1.9923046,0.0,2213.0,63.0
1657,train,energy,3.3728690147399902,2.276724,0.0,328.0,12.0
1658,train,energy,3.9300358295440674,1.624822,1.0,399.0,20.0
1659,train,energy,1.92410147190094,0.9652227,1.0,55.0,60.0
1660,train,energy,4.3997883796691895,2.2203164,0.0,3136.0,54.0
1661,train,energy,2.537539005279541,3.2299953,0.0,1603.0,59.0
1662,train,energy,4.003782272338867,0.116582595,1.0,2963.0,10.0
1663,train,energy,3.7453112602233887,3.2265599,0.0,223.0,32.0
1664,train,energy,8.508535385131836,3.372564,0.0,2896.0,15.0
1665,train,energy,7.399402141571045,1.2851889,0.0,742.0,4.0
1666,train,energy,2.0868473052978516,3.9042578,0.0,3364.0,7.0
1667,train,energy,3.037722110748291,3.5621674,0.0,1138.0,21.0
1668,train,energy,6.90035343170166,4.089156,0.0,1229.0,20.0
1669,train,energy,2.250037431716919,4.3450146,0.0,2850.0,5.0
1670,train,energy,3.9768078327178955,2.9877336,0.0,2441.0,54.0
1671,train,energy,2.7075750827789307,2.0713334,0.0,2998.0,10.0
1672,train,energy,4.09045934677124,4.0621586,0.0,1315.0,38.0
1673,train,energy,2.495732307434082,0.095430814,1.0,517.0,0.0
1674,train,energy,6.539116859436035,1.0984545,0.0,1393.0,6.0
1675,train,energy,6.533809185028076,1.7611578,1.0,794.0,15.0
1676,train,energy,2.8808629512786865,0.105470315,1.0,2316.0,9.0
1677,train,energy,2.4600095748901367,5.993983,0.0,1293.0,43.0
1678,train,energy,7.023369789123535,5.4060497,0.0,2279.0,37.0
1679,train,energy,5.65001106262207,3.862041,0.0,882.0,34.0
1680,train,energy,2.2497477531433105,0.060756106,1.0,1221.0,4.0
1681,train,energy,2.4992499351501465,0.58834326,1.0,2086.0,47.0
1682,train,energy,2.92486310005188,2.2859097,0.0,2227.0,6.0
1683,train,energy,2.5760841369628906,1.719581,0.0,390.0,51.0
1684,train,energy,2.4772865772247314,2.5918665,0.0,1992.0,27.0
1685,train,energy,2.8940296173095703,2.7896898,0.0,1002.0,40.0
1686,train,energy,3.814176559448242,2.484024,0.0,997.0,56.0
1687,train,energy,2.8045098781585693,2.219602,0.0,1125.0,25.0
1688,train,energy,2.7274279594421387,2.4900355,0.0,3330.0,12.0
1689,train,energy,4.897439479827881,1.9234322,0.0,3143.0,42.0
1690,train,energy,3.312753200531006,0.5461272,1.0,1152.0,30.0
1691,train,energy,2.415632486343384,3.9739811,0.0,1644.0,37.0
1692,train,energy,2.7328667640686035,0.6987193,1.0,2196.0,1.0
1693,train,energy,2.0568928718566895,4.6543565,0.0,2654.0,35.0
1694,train,energy,2.6163530349731445,1.6512328,0.0,3030.0,58.0
1695,train,energy,6.321552276611328,1.4479089,0.0,767.0,17.0
1696,train,energy,3.5153603553771973,0.6045914,1.0,88.0,9.0
1697,train,energy,2.741955041885376,0.5990245,1.0,243.0,44.0
1698,train,energy,4.7714104652404785,6.8160763,0.0,1906.0,40.0
1699,train,energy,7.592450141906738,0.0007874249,1.0,647.0,8.0
1700,train,energy,4.109516143798828,0.48686206,1.0,1350.0,4.0
1701,train,energy,4.023324966430664,0.8990456,1.0,2011.0,31.0
1702,train,energy,5.101195812225342,1.694893,1.0,126.0,6.0
1703,train,energy,3.0996477603912354,1.0845141,1.0,2510.0,31.0
1704,train,energy,4.833258152008057,0.005103537,1.0,971.0,18.0
1705,train,energy,2.5070745944976807,3.9382827,0.0,2990.0,3.0
1706,train,energy,21.547945022583008,3.023858,0.0,771.0,19.0
1707,train,energy,1.954555630683899,3.887918,0.0,409.0,21.0
1708,train,energy,2.026505708694458,0.5755782,1.0,883.0,53.0
1709,train,energy,3.6909618377685547,1.698963,1.0,56.0,6.0
1710,train,energy,2.6643993854522705,2.2492275,0.0,2650.0,55.0
1711,train,energy,4.779736042022705,0.06865566,1.0,381.0,18.0
1712,train,energy,3.977945327758789,0.005905442,1.0,2760.0,18.0
1713,train,energy,4.929935455322266,4.535804,0.0,5.0,16.0
1714,train,energy,2.6665539741516113,3.61452,0.0,1618.0,20.0
1715,train,energy,7.412416458129883,1.1495508,0.0,33.0,46.0
1716,train,energy,2.9830479621887207,0.26941147,1.0,1865.0,7.0
1717,train,energy,6.913284778594971,0.14867583,1.0,1174.0,29.0
1718,train,energy,2.540365695953369,0.07178473,1.0,2018.0,9.0
1719,train,energy,15.069413185119629,2.1294165,0.0,2051.0,24.0
1720,train,energy,3.5020499229431152,1.0493771,0.0,3326.0,34.0
1721,train,energy,2.4765725135803223,0.1260195,1.0,1303.0,4.0
1722,train,energy,2.6975016593933105,0.26347518,1.0,3120.0,50.0
1723,train,energy,2.363579273223877,3.3695555,0.0,1198.0,63.0
1724,train,energy,1.6693850755691528,1.3456467,1.0,3443.0,58.0
1725,train,energy,3.6676175594329834,1.7271947,0.0,3354.0,49.0
1726,train,energy,2.321983814239502,2.0784016,0.0,2148.0,48.0
1727,train,energy,2.0397419929504395,2.220193,0.0,1284.0,47.0
1728,train,energy,3.629401922225952,3.8248487,0.0,2869.0,1.0
1729,train,energy,10.439404487609863,2.7450304,0.0,1453.0,42.0
1730,train,energy,5.070803642272949,0.07609522,1.0,2743.0,9.0
1731,train,energy,6.38251256942749,1.2674859,1.0,3162.0,9.0
1732,train,energy,3.530067205429077,0.43783882,1.0,2241.0,60.0
1733,train,energy,2.9643239974975586,4.8102856,0.0,763.0,58.0
1734,train,energy,5.645037651062012,0.02013634,1.0,1955.0,18.0
1735,train,energy,2.979999542236328,0.849926,1.0,500.0,14.0
1736,train,energy,2.7244350910186768,1.0057395,1.0,1566.0,55.0
1737,train,energy,3.194960117340088,5.5718136,0.0,3134.0,46.0
1738,train,energy,2.1527464389801025,1.2064245,0.0,3033.0,7.0
1739,train,energy,4.406567096710205,5.6198673,0.0,1347.0,0.0
1740,train,energy,2.3464014530181885,4.473361,0.0,1899.0,42.0
1741,train,energy,5.664347171783447,1.1533889,1.0,3055.0,62.0
1742,train,energy,2.1719467639923096,0.98346066,1.0,918.0,53.0
1743,train,energy,2.2349586486816406,1.5871338,0.0,1732.0,39.0
1744,train,energy,5.4156904220581055,1.9026037,0.0,419.0,60.0
1745,train,energy,2.710012197494507,0.026078992,1.0,2664.0,0.0
1746,train,energy,6.098429203033447,1.0858845,1.0,2884.0,48.0
1747,train,energy,3.3296947479248047,0.33287722,1.0,2986.0,32.0
1748,train,energy,2.7484660148620605,1.8910358,0.0,221.0,9.0
1749,train,energy,2.2877581119537354,3.8335896,0.0,1722.0,37.0
1750,train,energy,11.140789031982422,0.3338531,1.0,2826.0,7.0
1751,train,energy,2.2371163368225098,3.548597,0.0,2384.0,13.0
1752,train,energy,2.9643383026123047,3.3889432,0.0,3238.0,53.0
1753,train,energy,3.6169064044952393,2.2807016,0.0,553.0,50.0
1754,train,energy,4.083329677581787,0.29866025,1.0,262.0,38.0
1755,train,energy,1.8634666204452515,2.0254514,0.0,922.0,52.0
1756,train,energy,3.8219785690307617,2.5569167,0.0,1886.0,40.0
1757,train,energy,4.4325971603393555,2.6456838,0.0,3452.0,59.0
1758,train,energy,5.001790523529053,1.828722,0.0,2723.0,61.0
1759,train,energy,2.5458388328552246,2.2349331,0.0,277.0,17.0
1760,train,energy,3.426208019256592,0.5760745,1.0,2617.0,2.0
1761,train,energy,3.3262939453125,4.5399575,0.0,3447.0,58.0
1762,train,energy,5.317854881286621,1.1228524,1.0,2536.0,13.0
1763,train,energy,3.264648914337158,3.0625694,0.0,2399.0,55.0
1764,train,energy,3.8951568603515625,2.7006726,0.0,2735.0,64.0
1765,train,energy,6.839751243591309,1.7397602,0.0,1312.0,29.0
1766,train,energy,2.630438804626465,2.2686641,0.0,2401.0,43.0
1767,train,energy,2.054885149002075,0.07029176,1.0,1596.0,9.0
1768,train,energy,5.612006664276123,2.7879553,0.0,461.0,57.0
1769,train,energy,2.3005754947662354,1.5291051,0.0,812.0,46.0
1770,train,energy,2.332890272140503,1.6666957,0.0,1397.0,48.0
1771,train,energy,4.377722263336182,0.014238902,1.0,2642.0,18.0
1772,train,energy,4.175507068634033,0.6234487,1.0,761.0,55.0
1773,train,energy,2.1280364990234375,0.70366645,1.0,2942.0,15.0
1774,train,energy,6.259515762329102,1.7504215,1.0,353.0,52.0
1775,train,energy,2.7016305923461914,0.5156721,1.0,2741.0,9.0
1776,train,energy,3.5965323448181152,0.038120825,1.0,881.0,0.0
1777,train,energy,2.2805871963500977,0.5260477,1.0,3355.0,18.0
1778,train,energy,4.388913154602051,0.49246198,1.0,369.0,51.0
1779,train,energy,1.8232290744781494,2.550347,0.0,570.0,24.0
1780,train,energy,6.033079147338867,0.013270271,1.0,15.0,29.0
1781,train,energy,2.786233901977539,4.2197566,0.0,2240.0,20.0
1782,train,energy,1.5378504991531372,0.737481,1.0,318.0,34.0
1783,train,energy,9.625978469848633,0.006998312,1.0,1163.0,18.0
1784,train,energy,2.91776704788208,0.5559392,1.0,935.0,36.0
1785,train,energy,2.2156190872192383,2.9789352,0.0,2943.0,52.0
1786,train,energy,1.7863423824310303,0.065124914,1.0,995.0,22.0
1787,train,energy,5.702731132507324,0.012412559,1.0,615.0,18.0
1788,train,energy,2.0591840744018555,1.8138525,0.0,3296.0,41.0
1789,train,energy,3.1814422607421875,0.87988704,1.0,3283.0,36.0
1790,train,energy,10.409412384033203,0.20681761,1.0,2144.0,34.0
1791,train,energy,2.514172077178955,0.94240606,1.0,3064.0,55.0
1792,train,energy,2.9384384155273438,4.683174,0.0,3075.0,1.0
1793,train,energy,8.870098114013672,2.228245,0.0,1249.0,62.0
1794,train,energy,3.1263628005981445,1.6972525,1.0,1807.0,60.0
1795,train,energy,5.158171653747559,4.9744983,0.0,1372.0,54.0
1796,train,energy,2.037694215774536,0.67642456,1.0,2806.0,51.0
1797,train,energy,2.5443577766418457,1.7107689,1.0,571.0,13.0
1798,train,energy,4.594332218170166,1.8520534,0.0,2318.0,48.0
1799,train,energy,4.427424907684326,5.3471975,0.0,2013.0,47.0
1800,train,energy,2.6906497478485107,5.1634493,0.0,736.0,25.0
1801,train,energy,4.145504951477051,2.2128203,1.0,856.0,52.0
1802,train,energy,2.823707342147827,0.50273013,1.0,3317.0,50.0
1803,train,energy,2.7930314540863037,0.7902146,1.0,1185.0,49.0
1804,train,energy,9.846811294555664,1.7708547,0.0,291.0,45.0
1805,train,energy,3.8025283813476562,2.0802636,0.0,2333.0,25.0
1806,train,energy,3.3299360275268555,2.6999903,0.0,632.0,17.0
1807,train,energy,1.6395704746246338,2.5995383,0.0,2106.0,64.0
1808,train,energy,4.752593040466309,3.6867537,0.0,2940.0,13.0
1809,train,energy,8.411094665527344,1.5694969,0.0,1698.0,52.0
1810,train,energy,1.7035176753997803,3.9658632,0.0,3172.0,63.0
1811,train,energy,2.73166561126709,2.6395776,0.0,1278.0,47.0
1812,train,energy,3.4196958541870117,3.0417323,0.0,1663.0,12.0
1813,train,energy,3.103825807571411,0.018864622,1.0,1745.0,29.0
1814,train,energy,3.6093802452087402,3.7056406,0.0,1632.0,32.0
1815,train,energy,5.5486555099487305,3.7469783,0.0,208.0,36.0
1816,train,energy,4.274328708648682,0.6427764,1.0,665.0,0.0
1817,train,energy,2.6191611289978027,1.1200241,1.0,3255.0,63.0
1818,train,energy,6.238470077514648,2.9402752,0.0,2019.0,32.0
1819,train,energy,3.3472466468811035,3.1387615,0.0,1982.0,26.0
1820,train,energy,3.2747092247009277,0.0021069488,1.0,1219.0,29.0
1821,train,energy,1.5177419185638428,6.5101852,0.0,1457.0,41.0
1822,train,energy,2.5810837745666504,2.8757968,0.0,680.0,53.0
1823,train,energy,2.1643459796905518,4.9949484,0.0,3362.0,11.0
1824,train,energy,2.2070586681365967,2.1299136,0.0,3076.0,26.0
1825,train,energy,5.357398986816406,0.40785637,1.0,2191.0,36.0
1826,train,energy,2.329145669937134,4.7442727,0.0,1419.0,14.0
1827,train,energy,2.707035779953003,1.3798915,1.0,2450.0,30.0
1828,train,energy,2.3789634704589844,2.4936635,0.0,1178.0,43.0
1829,train,energy,3.6588072776794434,1.1642679,1.0,2851.0,25.0
1830,train,energy,2.0627379417419434,3.1556864,0.0,3367.0,30.0
1831,train,energy,4.364093780517578,0.1476983,1.0,609.0,47.0
1832,train,energy,3.2896952629089355,0.31220955,1.0,1863.0,18.0
1833,train,energy,2.59598445892334,4.1215444,0.0,1424.0,5.0
1834,train,energy,5.348818302154541,2.6866148,0.0,569.0,10.0
1835,train,energy,2.823826313018799,2.7056308,0.0,30.0,30.0
1836,train,energy,2.908998966217041,2.8039408,0.0,2948.0,21.0
1837,train,energy,5.180496692657471,4.713922,0.0,1437.0,27.0
1838,train,energy,2.566622257232666,3.837237,0.0,682.0,40.0
1839,train,energy,4.518802642822266,2.106335,0.0,1104.0,64.0
1840,train,energy,3.104138135910034,2.988027,0.0,425.0,33.0
1841,train,energy,5.336304664611816,0.7314817,1.0,1918.0,2.0
1842,train,energy,1.7807127237319946,3.7741294,0.0,1479.0,44.0
1843,train,energy,7.1777496337890625,4.421644,0.0,2599.0,27.0
1844,train,energy,4.13624906539917,0.42245337,1.0,1904.0,18.0
1845,train,energy,3.4341650009155273,1.6934096,1.0,2604.0,32.0
1846,train,energy,5.188957214355469,4.6267166,0.0,1193.0,19.0
1847,train,energy,3.1163723468780518,1.114731,1.0,114.0,60.0
1848,train,energy,1.2640419006347656,3.4705935,0.0,3359.0,17.0
1849,train,energy,6.335954666137695,3.2040071,0.0,1231.0,13.0
1850,train,energy,2.406195878982544,4.872717,0.0,929.0,2.0
1851,train,energy,2.0448548793792725,2.7998388,0.0,2628.0,13.0
1852,train,energy,2.3560571670532227,3.4740899,0.0,1510.0,2.0
1853,train,energy,4.24686861038208,0.11877828,1.0,2712.0,44.0
1854,train,energy,2.742025375366211,0.11065216,1.0,3440.0,0.0
1855,train,energy,1.8753770589828491,4.0605993,0.0,179.0,22.0
1856,train,energy,3.668929100036621,0.82583314,1.0,695.0,11.0
1857,train,energy,2.127521514892578,3.7706277,0.0,3301.0,13.0
1858,train,energy,2.9206230640411377,0.47839046,1.0,358.0,30.0
1859,train,energy,5.683366775512695,3.7392263,0.0,874.0,40.0
1860,train,energy,2.8559060096740723,2.7098904,0.0,2109.0,12.0
1861,train,energy,3.9399521350860596,2.1200001,0.0,455.0,17.0
1862,train,energy,4.496826171875,2.157857,0.0,1354.0,28.0
1863,train,energy,2.8251962661743164,3.8932524,0.0,952.0,37.0
1864,train,energy,3.3454842567443848,3.1328902,0.0,1720.0,20.0
1865,train,energy,1.9860634803771973,2.4401388,0.0,3310.0,22.0
1866,train,energy,12.336625099182129,0.66243625,1.0,3027.0,62.0
1867,train,energy,8.010233879089355,0.75141716,1.0,122.0,63.0
1868,train,energy,3.1609506607055664,0.16190545,1.0,236.0,29.0
1869,train,energy,9.3790864944458,0.11039364,1.0,1233.0,18.0
1870,train,energy,2.6948442459106445,2.009396,1.0,1057.0,6.0
1871,train,energy,2.4610729217529297,2.4097013,0.0,2038.0,63.0
1872,train,energy,2.726405620574951,4.194064,0.0,715.0,62.0
1873,train,energy,3.961091995239258,1.2957908,1.0,1880.0,31.0
1874,train,energy,1.8148016929626465,2.1722486,0.0,3189.0,3.0
1875,train,energy,2.866480827331543,3.2024112,0.0,1432.0,63.0
1876,train,energy,1.8734087944030762,1.1215608,1.0,2911.0,52.0
1877,train,energy,2.2595102787017822,1.1562414,1.0,1345.0,51.0
1878,train,energy,2.1251721382141113,4.447105,0.0,2139.0,31.0
1879,train,energy,2.723193645477295,3.7984705,0.0,1496.0,12.0
1880,train,energy,2.620713233947754,0.07466975,1.0,1015.0,8.0
1881,train,energy,3.456810712814331,4.6820197,0.0,1443.0,13.0
1882,train,energy,6.780567169189453,0.32027757,1.0,2477.0,56.0
1883,train,energy,3.2115893363952637,6.19019,0.0,3195.0,14.0
1884,train,energy,2.4996414184570312,2.706048,0.0,189.0,42.0
1885,train,energy,3.269383668899536,3.089837,0.0,1339.0,35.0
1886,train,energy,2.2202727794647217,6.7040114,0.0,3035.0,50.0
1887,train,energy,3.704620599746704,2.0079646,0.0,2293.0,21.0
1888,train,energy,3.809391975402832,4.274502,0.0,43.0,57.0
1889,train,energy,17.298816680908203,4.396176,0.0,1604.0,40.0
1890,train,energy,2.2701597213745117,0.07989341,1.0,1842.0,9.0
1891,train,energy,2.9064278602600098,2.0596983,1.0,2345.0,45.0
1892,train,energy,4.947468280792236,0.33846444,1.0,1235.0,18.0
1893,train,energy,2.7953248023986816,4.5314126,0.0,1931.0,25.0
1894,train,energy,3.7754106521606445,0.5010611,1.0,2131.0,32.0
1895,train,energy,3.140645980834961,2.5553353,0.0,980.0,11.0
1896,train,energy,3.1212782859802246,0.65665483,1.0,497.0,53.0
1897,train,energy,15.267054557800293,0.7564288,1.0,3077.0,23.0
1898,train,energy,2.076751232147217,2.4196105,0.0,1021.0,62.0
1899,train,energy,4.669119834899902,2.7450247,0.0,1645.0,2.0
1900,train,energy,3.0419397354125977,4.0719833,0.0,913.0,47.0
1901,train,energy,2.343169689178467,3.8056924,0.0,1622.0,35.0
1902,train,energy,2.4351582527160645,0.6009271,1.0,1215.0,50.0
1903,train,energy,4.160957336425781,0.67193425,1.0,2275.0,1.0
1904,train,energy,3.143754482269287,0.682468,1.0,1912.0,7.0
1905,train,energy,2.96354603767395,3.685389,0.0,447.0,60.0
1906,train,energy,3.9511303901672363,0.6479888,1.0,2120.0,23.0
1907,train,energy,1.4047765731811523,3.9979289,0.0,2770.0,57.0
1908,train,energy,3.4639034271240234,3.0859303,0.0,2977.0,26.0
1909,train,energy,3.949498176574707,1.4116656,0.0,543.0,17.0
1910,train,energy,3.4690334796905518,0.5252015,1.0,3145.0,46.0
1911,train,energy,2.739502429962158,0.8593937,1.0,3309.0,60.0
1912,train,energy,6.859622001647949,0.3387874,1.0,1935.0,50.0
1913,train,energy,2.5274157524108887,0.017130507,1.0,1260.0,8.0
1914,train,energy,2.353306293487549,0.18472832,1.0,536.0,21.0
1915,train,energy,2.8264944553375244,2.6637053,0.0,1405.0,17.0
1916,train,energy,2.7656736373901367,0.16966124,1.0,662.0,62.0
1917,train,energy,3.9288129806518555,0.3294827,1.0,1795.0,18.0
1918,train,energy,3.698185443878174,1.3424295,1.0,974.0,32.0
1919,train,energy,3.5632123947143555,1.3372223,1.0,1272.0,16.0
1920,train,energy,3.87263822555542,4.3517866,0.0,2596.0,47.0
1921,train,energy,2.008039712905884,2.331877,0.0,87.0,12.0
1922,train,energy,2.0946996212005615,3.2956326,0.0,3353.0,19.0
1923,train,energy,2.072366237640381,1.0255775,0.0,2982.0,32.0
1924,train,energy,2.5771021842956543,2.7816296,0.0,2840.0,35.0
1925,train,energy,4.977204322814941,1.4026543,0.0,921.0,62.0
1926,train,energy,5.186384201049805,1.3862159,0.0,20.0,46.0
1927,train,energy,2.406306266784668,3.2479658,0.0,1877.0,5.0
1928,train,energy,1.7547242641448975,2.2407715,1.0,345.0,36.0
1929,train,energy,4.784770488739014,0.45252836,1.0,3167.0,22.0
1930,train,energy,1.584924578666687,3.5239015,0.0,405.0,53.0
1931,train,energy,2.57315993309021,2.8641827,0.0,2379.0,5.0
1932,train,energy,3.677307367324829,2.779508,0.0,1901.0,30.0
1933,train,energy,3.1245174407958984,2.2239885,0.0,377.0,53.0
1934,train,energy,1.5963765382766724,1.8533564,1.0,1565.0,47.0
1935,train,energy,2.875793218612671,3.9014387,0.0,2150.0,52.0
1936,train,energy,4.607698440551758,0.9165269,1.0,462.0,49.0
1937,train,energy,2.7611236572265625,3.7784383,0.0,281.0,16.0
1938,train,energy,2.758927822113037,2.7110956,0.0,2219.0,58.0
1939,train,energy,2.175896644592285,2.0104244,0.0,1713.0,64.0
1940,train,energy,1.966352105140686,0.769099,1.0,1597.0,18.0
1941,train,energy,3.4529120922088623,2.8443437,0.0,2297.0,25.0
1942,train,energy,13.043584823608398,2.5993004,0.0,173.0,45.0
1943,train,energy,4.860062122344971,4.25932,0.0,1794.0,26.0
1944,train,energy,2.201136589050293,6.863013,0.0,3433.0,19.0
1945,train,energy,2.6641125679016113,1.2711153,1.0,3096.0,42.0
1946,train,energy,2.6265859603881836,0.3081664,1.0,1639.0,44.0
1947,train,energy,1.6565375328063965,1.9182918,1.0,2976.0,34.0
1948,train,energy,4.831116676330566,3.3132958,0.0,778.0,5.0
1949,train,energy,1.8431193828582764,0.649762,1.0,3338.0,0.0
1950,train,energy,1.8742976188659668,1.960802,0.0,160.0,10.0
1951,train,energy,1.8868662118911743,1.6831772,0.0,1130.0,47.0
1952,train,energy,3.303725004196167,0.8107205,1.0,2838.0,7.0
1953,train,energy,2.5848002433776855,2.6611826,0.0,260.0,44.0
1954,train,energy,7.4068284034729,0.43562144,1.0,1985.0,4.0
1955,train,energy,3.495506763458252,1.6712207,0.0,2841.0,62.0
1956,train,energy,2.3054399490356445,3.2751074,0.0,2828.0,41.0
1957,train,energy,3.641664981842041,1.5954225,1.0,2049.0,14.0
1958,train,energy,5.724253177642822,0.009410901,1.0,193.0,4.0
1959,train,energy,2.556648015975952,1.344499,1.0,1717.0,26.0
1960,train,energy,2.167978286743164,0.7236954,1.0,1119.0,32.0
1961,train,energy,3.231471061706543,4.8045235,0.0,3425.0,11.0
1962,train,energy,2.3480064868927,2.3970113,0.0,1848.0,12.0
1963,train,energy,2.7882235050201416,2.1919417,0.0,2376.0,52.0
1964,train,energy,8.610782623291016,6.6726594,0.0,457.0,50.0
1965,train,energy,2.9815425872802734,1.6633301,0.0,3184.0,28.0
1966,train,energy,4.29878044128418,2.918817,0.0,3227.0,39.0
1967,train,energy,5.2693681716918945,2.453795,0.0,2656.0,42.0
1968,train,energy,3.1023902893066406,7.2868595,0.0,1829.0,56.0
1969,train,energy,2.5825743675231934,2.0126784,1.0,2174.0,28.0
1970,train,energy,5.3029704093933105,4.7825284,0.0,1067.0,40.0
1971,train,energy,3.1819939613342285,1.3212795,0.0,436.0,10.0
1972,train,energy,5.355961322784424,3.9031487,0.0,801.0,1.0
1973,train,energy,3.251425266265869,0.66162324,1.0,2006.0,6.0
1974,train,energy,9.084659576416016,2.2888522,0.0,2885.0,11.0
1975,train,energy,2.0887649059295654,4.813154,0.0,2758.0,63.0
1976,train,energy,7.937641143798828,3.3472862,0.0,522.0,38.0
1977,train,energy,2.83095383644104,0.25667766,1.0,1608.0,38.0
1978,train,energy,4.997394561767578,1.651017,0.0,2714.0,44.0
1979,train,energy,3.002683639526367,0.8428882,1.0,2520.0,30.0
1980,train,energy,2.104940176010132,4.495198,0.0,466.0,5.0
1981,train,energy,2.9479403495788574,0.10402253,1.0,626.0,1.0
1982,train,energy,2.241340398788452,2.7040534,0.0,3151.0,16.0
1983,train,energy,2.597137451171875,3.96974,0.0,1768.0,6.0
1984,train,energy,5.121432304382324,0.39001113,1.0,1549.0,38.0
1985,train,energy,2.3550126552581787,4.1972337,0.0,3411.0,37.0
1986,train,energy,2.8390471935272217,2.8239496,0.0,1534.0,32.0
1987,train,energy,2.9195237159729004,1.9341307,0.0,2870.0,6.0
1988,train,energy,3.337578773498535,1.2938861,0.0,3465.0,20.0
1989,train,energy,4.091212272644043,0.9238976,1.0,1501.0,30.0
1990,train,energy,4.517752647399902,2.5277035,0.0,58.0,36.0
1991,train,energy,2.1360998153686523,0.0085966755,1.0,487.0,8.0
1992,train,energy,4.416353702545166,1.7096007,0.0,3331.0,16.0
1993,train,energy,3.0471205711364746,0.50368583,1.0,2710.0,29.0
1994,train,energy,2.7785956859588623,2.1039455,0.0,2232.0,52.0
1995,train,energy,4.932391166687012,0.47058305,1.0,170.0,10.0
1996,train,energy,2.1725854873657227,2.3975713,0.0,1686.0,27.0
1997,train,energy,1.490264892578125,2.4422498,0.0,279.0,19.0
1998,train,energy,5.643758773803711,5.3310127,0.0,1523.0,44.0
1999,train,energy,10.806652069091797,4.212432,0.0,1108.0,63.0
2000,train,energy,5.6568284034729,1.5662197,1.0,376.0,42.0
2001,train,energy,7.115760326385498,4.2060614,0.0,788.0,59.0
2002,train,energy,1.7005709409713745,0.0028381564,1.0,171.0,56.0
2003,train,energy,2.578063488006592,8.328042,0.0,1386.0,12.0
2004,train,energy,3.1128339767456055,0.5195081,1.0,1317.0,23.0
2005,train,energy,1.779740571975708,0.5490489,1.0,3242.0,47.0
2006,train,energy,2.610288619995117,1.2341194,1.0,1972.0,42.0
2007,train,energy,1.7499200105667114,3.49463,0.0,2732.0,21.0
2008,train,energy,2.1941983699798584,0.30226853,1.0,303.0,31.0
2009,train,energy,3.1601295471191406,4.8404264,0.0,800.0,2.0
2010,train,energy,3.8882758617401123,0.40716612,1.0,426.0,4.0
2011,train,energy,2.7547802925109863,2.6490188,0.0,2143.0,42.0
2012,train,energy,3.681506633758545,4.134065,0.0,363.0,54.0
2013,train,energy,6.166469097137451,3.9941897,0.0,2574.0,64.0
2014,train,energy,3.5531742572784424,3.0311525,0.0,623.0,63.0
2015,train,energy,3.385169267654419,1.3370731,0.0,1478.0,47.0
2016,train,energy,3.675433397293091,0.3623494,1.0,588.0,0.0
2017,train,energy,2.2436342239379883,3.6048505,0.0,456.0,3.0
2018,train,energy,5.432661056518555,2.7974327,0.0,613.0,23.0
2019,train,energy,2.7598962783813477,4.472147,0.0,2067.0,51.0
2020,train,energy,2.5889172554016113,0.52043986,1.0,51.0,50.0
2021,train,energy,2.2749228477478027,1.9871105,0.0,1677.0,3.0
2022,train,energy,7.441585540771484,2.121545,1.0,2367.0,60.0
2023,train,energy,2.0878610610961914,3.7049184,0.0,2636.0,49.0
2024,train,energy,2.6051883697509766,2.0923114,0.0,611.0,14.0
2025,train,energy,4.08150053024292,0.6224725,1.0,229.0,36.0
2026,train,energy,4.253432273864746,2.219897,0.0,2776.0,41.0
2027,train,energy,2.940976619720459,1.0753326,1.0,2627.0,30.0
2028,train,energy,3.1012778282165527,2.9429646,0.0,777.0,62.0
2029,train,energy,3.4394474029541016,0.0011418497,1.0,610.0,29.0
2030,train,energy,2.647348165512085,1.4541688,1.0,2467.0,53.0
2031,train,energy,2.998081684112549,5.6679835,0.0,1911.0,33.0
2032,train,energy,1.6819819211959839,1.3310183,1.0,2420.0,44.0
2033,train,energy,1.4104554653167725,2.771105,0.0,2646.0,41.0
2034,train,energy,1.491233229637146,1.8934519,0.0,1754.0,53.0
2035,train,energy,3.5905232429504395,0.64325863,1.0,830.0,11.0
2036,train,energy,2.5247654914855957,0.0038174153,1.0,3048.0,8.0
2037,train,energy,3.796121835708618,0.7079646,1.0,2787.0,18.0
2038,train,energy,2.858185291290283,3.622972,0.0,182.0,25.0
2039,train,energy,2.2366116046905518,2.293459,0.0,2434.0,21.0
2040,train,energy,2.377200126647949,3.9392037,0.0,1102.0,28.0
2041,train,energy,2.343057155609131,1.5057803,1.0,302.0,50.0
2042,train,energy,2.8604729175567627,4.5592594,0.0,2715.0,13.0
2043,train,energy,3.2113404273986816,1.4497981,1.0,2876.0,64.0
2044,train,energy,2.721529960632324,3.5924387,0.0,2931.0,48.0
2045,train,energy,3.2018561363220215,1.063996,0.0,2701.0,48.0
2046,train,energy,2.5012075901031494,0.6867979,1.0,2192.0,0.0
2047,train,energy,1.912876844406128,1.3324478,0.0,675.0,11.0
2048,train,energy,2.0067901611328125,1.3635664,1.0,1357.0,37.0
2049,train,energy,2.9079861640930176,2.3376865,0.0,1598.0,42.0
2050,train,energy,2.938692569732666,0.20264529,1.0,1665.0,22.0
2051,train,energy,2.594310760498047,0.5289422,1.0,155.0,49.0
2052,train,energy,3.813408613204956,1.978515,1.0,1439.0,12.0
2053,train,energy,1.7176026105880737,2.6729884,0.0,2767.0,6.0
2054,train,energy,5.298404216766357,0.3123391,1.0,2308.0,21.0
2055,train,energy,4.125671863555908,1.6533186,1.0,2526.0,25.0
2056,train,energy,5.17309045791626,4.9953384,0.0,120.0,11.0
2057,train,energy,2.5365371704101562,2.543367,0.0,1870.0,13.0
2058,train,energy,2.211479902267456,2.8506024,0.0,928.0,60.0
2059,train,energy,3.3662009239196777,0.5533023,1.0,903.0,26.0
2060,train,energy,3.1210525035858154,5.5689197,0.0,1757.0,20.0
2061,train,energy,4.466634273529053,0.8828409,1.0,3170.0,38.0
2062,train,energy,4.65165376663208,3.6393194,0.0,3271.0,19.0
2063,train,energy,2.09088397026062,3.0806963,0.0,1256.0,2.0
2064,train,energy,3.3134913444519043,1.1740752,0.0,2085.0,32.0
2065,train,energy,4.676253318786621,5.3792133,0.0,2530.0,19.0
2066,train,energy,3.33986234664917,2.6585214,0.0,474.0,45.0
2067,train,energy,4.357271671295166,3.683222,0.0,885.0,19.0
2068,train,energy,5.539103031158447,3.231976,0.0,365.0,55.0
2069,train,energy,3.543306350708008,1.0901825,0.0,2755.0,18.0
2070,train,energy,3.9504125118255615,3.7513943,0.0,3250.0,34.0
2071,train,energy,6.463001728057861,2.8631606,0.0,2387.0,54.0
2072,train,energy,3.134418487548828,0.022153059,1.0,1966.0,0.0
2073,train,energy,2.6398372650146484,3.5586085,0.0,1463.0,19.0
2074,train,energy,3.402693271636963,4.406396,0.0,1132.0,5.0
2075,train,energy,2.621609687805176,3.6783373,0.0,716.0,60.0
2076,train,energy,2.159684181213379,0.89705557,1.0,3060.0,63.0
2077,train,energy,6.326003074645996,3.8476224,0.0,3254.0,35.0
2078,train,energy,2.4161064624786377,2.6338952,0.0,153.0,5.0
2079,train,energy,3.189591407775879,0.0011243457,1.0,1712.0,8.0
2080,train,energy,2.041938066482544,1.847962,0.0,2576.0,31.0
2081,train,energy,2.3140342235565186,2.0615926,0.0,1685.0,62.0
2082,train,energy,4.059326648712158,2.9679747,0.0,2329.0,63.0
2083,train,energy,2.8061470985412598,0.07693691,1.0,1856.0,29.0
2084,train,energy,3.6610984802246094,0.4614814,1.0,917.0,55.0
2085,train,energy,2.190349578857422,0.57438517,1.0,1062.0,44.0
2086,train,energy,1.6331934928894043,1.6056072,1.0,861.0,15.0
2087,train,energy,12.56909465789795,1.9313326,1.0,2845.0,34.0
2088,train,energy,4.374279499053955,1.0788904,0.0,214.0,63.0
2089,train,energy,3.1033554077148438,2.9767728,0.0,2246.0,13.0
2090,train,energy,1.5897468328475952,2.8950477,0.0,1242.0,3.0
2091,train,energy,4.364827632904053,5.286427,0.0,2328.0,10.0
2092,train,energy,1.3173022270202637,1.8040712,1.0,3430.0,3.0
2093,train,energy,3.749799966812134,3.6227083,0.0,1455.0,62.0
2094,train,energy,8.044361114501953,2.1559455,1.0,297.0,39.0
2095,train,energy,2.541550636291504,1.2277607,1.0,863.0,16.0
2096,train,energy,2.9301180839538574,0.22213672,1.0,3428.0,41.0
2097,train,energy,2.8946170806884766,0.5635042,1.0,2674.0,9.0
2098,train,energy,2.379312515258789,2.2803996,0.0,3153.0,54.0
2099,train,energy,5.1252288818359375,0.01022187,1.0,1451.0,4.0
2100,train,energy,1.9082878828048706,1.0766695,0.0,3040.0,23.0
2101,train,energy,1.9432666301727295,4.9020724,0.0,3259.0,19.0
2102,train,energy,1.719496250152588,1.1184441,0.0,3057.0,63.0
2103,train,energy,3.706242799758911,4.296569,0.0,740.0,28.0
2104,train,energy,2.5766396522521973,1.2760744,1.0,172.0,54.0
2105,train,energy,4.301111221313477,1.8815538,0.0,826.0,13.0
2106,train,energy,2.678241729736328,2.3182707,0.0,237.0,21.0
2107,train,energy,2.6440911293029785,0.5840741,1.0,1095.0,29.0
2108,train,energy,1.676144003868103,2.552666,0.0,2505.0,48.0
2109,train,energy,6.180135726928711,3.169932,0.0,3247.0,10.0
2110,train,energy,2.680222272872925,0.70062053,1.0,2186.0,56.0
2111,train,energy,5.335216045379639,1.0571027,1.0,2413.0,1.0
2112,train,energy,11.213775634765625,2.7224338,0.0,2189.0,54.0
2113,train,energy,2.454775810241699,1.8237095,0.0,3009.0,2.0
2114,train,energy,1.2408795356750488,0.3599226,1.0,2861.0,51.0
2115,train,energy,2.2544355392456055,2.2669075,0.0,692.0,63.0
2116,train,energy,3.042340040206909,1.4715842,1.0,1385.0,31.0
2117,train,energy,2.7709107398986816,5.193768,0.0,808.0,18.0
2118,train,energy,3.342088222503662,2.0638516,0.0,1094.0,6.0
2119,train,energy,1.8727164268493652,0.7659815,1.0,2289.0,8.0
2120,train,energy,8.82414436340332,1.3354143,1.0,2614.0,47.0
2121,train,energy,2.050790786743164,4.563742,0.0,1346.0,57.0
2122,train,energy,2.5210137367248535,0.9489496,1.0,2615.0,41.0
2123,train,energy,6.943755149841309,0.0466813,1.0,156.0,4.0
2124,train,energy,6.206254959106445,1.1297815,1.0,1001.0,37.0
2125,train,energy,4.349682807922363,1.6309544,0.0,2788.0,58.0
2126,train,energy,2.9355058670043945,3.3295293,0.0,1366.0,60.0
2127,train,energy,2.832364082336426,1.884082,1.0,2134.0,5.0
2128,train,energy,1.7933392524719238,3.04281,0.0,2343.0,45.0
2129,train,energy,2.6224594116210938,3.7304516,0.0,2678.0,48.0
2130,train,energy,5.31057071685791,2.649754,0.0,585.0,30.0
2131,train,energy,7.075178623199463,0.97167265,1.0,1114.0,60.0
2132,train,energy,8.159626960754395,0.059452485,1.0,3113.0,9.0
2133,train,energy,1.8550567626953125,3.0315285,0.0,1142.0,16.0
2134,train,energy,2.5476813316345215,3.3453631,0.0,2789.0,30.0
2135,train,energy,2.842662811279297,2.070243,0.0,3011.0,5.0
2136,train,energy,2.750530242919922,1.5067084,1.0,2079.0,38.0
2137,train,energy,4.355759620666504,0.71547294,1.0,2660.0,41.0
2138,train,energy,2.5464868545532227,2.7266786,0.0,166.0,27.0
2139,train,energy,2.299380302429199,2.4669898,1.0,2538.0,10.0
2140,train,energy,6.517806529998779,1.2269981,1.0,1557.0,19.0
2141,train,energy,2.696779251098633,7.932512,0.0,3322.0,9.0
2142,train,energy,2.5035276412963867,0.023902124,1.0,1853.0,4.0
2143,train,energy,1.5035333633422852,3.5104203,0.0,3345.0,55.0
2144,train,energy,3.053896427154541,1.4729195,1.0,1917.0,42.0
2145,train,energy,3.3166472911834717,2.7527657,0.0,2899.0,2.0
2146,train,energy,6.1716508865356445,3.6804144,0.0,3457.0,34.0
2147,train,energy,1.5522966384887695,1.9922743,0.0,560.0,40.0
2148,train,energy,2.35801362991333,0.7624952,1.0,1617.0,18.0
2149,train,energy,4.1016130447387695,2.9368203,0.0,2925.0,58.0
2150,train,energy,5.209568977355957,2.7116344,0.0,2643.0,11.0
2151,train,energy,3.1262588500976562,3.370429,0.0,9.0,51.0
2152,train,energy,2.7935776710510254,4.706051,0.0,1869.0,58.0
2153,train,energy,2.812236785888672,0.6702052,1.0,1247.0,1.0
2154,train,energy,7.767053604125977,4.8196816,0.0,402.0,31.0
2155,train,energy,4.865915298461914,0.2375156,1.0,276.0,36.0
2156,train,energy,1.9175664186477661,0.2558682,1.0,1572.0,29.0
2157,train,energy,8.60802173614502,2.6565402,0.0,813.0,47.0
2158,train,energy,2.287646532058716,1.4720166,0.0,1978.0,62.0
2159,train,energy,3.019446611404419,1.2537243,0.0,1261.0,31.0
2160,train,energy,3.240687370300293,3.533814,0.0,1208.0,38.0
2161,train,energy,2.047541379928589,2.4611146,0.0,841.0,18.0
2162,train,energy,5.1228437423706055,1.6378593,0.0,919.0,36.0
2163,train,energy,3.363295555114746,0.6625901,1.0,1035.0,51.0
2164,train,energy,10.145273208618164,2.9190369,0.0,1753.0,62.0
2165,train,energy,3.2261266708374023,1.0327723,1.0,3291.0,2.0
2166,train,energy,2.918402910232544,2.0202508,0.0,2449.0,46.0
2167,train,energy,3.404306650161743,1.678293,0.0,3469.0,6.0
2168,train,energy,2.96964168548584,0.007532291,1.0,42.0,8.0
2169,train,energy,3.237957000732422,2.9197707,0.0,1752.0,31.0
2170,train,energy,2.19545316696167,3.3561354,0.0,2996.0,54.0
2171,train,energy,3.3613650798797607,1.8930842,0.0,226.0,7.0
2172,train,energy,6.341272830963135,0.048116304,1.0,898.0,9.0
2173,train,energy,2.304229259490967,2.2765884,0.0,2525.0,1.0
2174,train,energy,3.224423885345459,1.5850865,1.0,192.0,46.0
2175,train,energy,1.9556597471237183,1.1817398,1.0,2294.0,23.0
2176,train,energy,1.7203364372253418,1.4240859,1.0,163.0,17.0
2177,train,energy,5.598432540893555,2.2529955,0.0,344.0,2.0
2178,train,energy,7.10759973526001,0.5972339,1.0,2322.0,36.0
2179,train,energy,3.8292479515075684,4.436988,0.0,753.0,2.0
2180,train,energy,2.332484245300293,3.0219688,0.0,2771.0,60.0
2181,train,energy,6.769832611083984,0.7022601,1.0,1650.0,26.0
2182,train,energy,3.81205415725708,2.626297,0.0,104.0,13.0
2183,train,energy,4.429897308349609,3.7736285,0.0,1791.0,13.0
2184,train,energy,3.5151476860046387,1.6536747,1.0,1364.0,10.0
2185,train,energy,1.8405334949493408,1.8734195,0.0,2937.0,31.0
2186,train,energy,2.979457378387451,3.066402,0.0,1908.0,54.0
2187,train,energy,2.8185629844665527,4.736496,0.0,2284.0,34.0
2188,train,energy,1.9280215501785278,4.013628,0.0,334.0,13.0
2189,train,energy,2.241854190826416,3.998157,0.0,65.0,46.0
2190,train,energy,5.124594688415527,1.4600251,0.0,2535.0,51.0
2191,train,energy,4.268604755401611,0.8093492,1.0,992.0,53.0
2192,train,energy,2.499446392059326,3.6902292,0.0,2184.0,52.0
2193,train,energy,4.534090518951416,1.4366395,1.0,2817.0,5.0
2194,train,energy,2.2638800144195557,2.4064631,0.0,782.0,18.0
2195,train,energy,2.650874137878418,2.4815564,0.0,1761.0,13.0
2196,train,energy,2.4526734352111816,2.8685143,0.0,1128.0,20.0
2197,train,energy,6.671562194824219,2.502784,0.0,2550.0,30.0
2198,train,energy,2.907780170440674,3.2667465,0.0,1637.0,5.0
2199,train,energy,2.166358709335327,4.5881605,0.0,2092.0,45.0
2200,train,energy,6.110883712768555,4.164986,0.0,2462.0,38.0
2201,train,energy,3.2121636867523193,0.4209297,1.0,1444.0,51.0
2202,train,energy,2.820868968963623,1.2032504,0.0,2567.0,34.0
2203,train,energy,3.8306124210357666,2.5443213,0.0,1250.0,25.0
2204,train,energy,1.6214879751205444,2.8800337,0.0,2713.0,42.0
2205,train,energy,3.5168190002441406,3.7583675,0.0,532.0,56.0
2206,train,energy,2.48869252204895,2.0600166,1.0,3424.0,45.0
2207,train,energy,2.420917272567749,1.8168316,1.0,167.0,24.0
2208,train,energy,5.805022716522217,1.9306184,0.0,3226.0,20.0
2209,train,energy,2.647625684738159,3.5859342,0.0,2854.0,47.0
2210,train,energy,3.7619831562042236,1.6308342,0.0,544.0,3.0
2211,train,energy,3.3701345920562744,0.31914136,1.0,1697.0,62.0
2212,train,energy,3.572587013244629,0.0034366138,1.0,2175.0,56.0
2213,train,energy,2.8282299041748047,3.3731153,0.0,3038.0,37.0
2214,train,energy,3.2866179943084717,1.0896297,1.0,312.0,53.0
2215,train,energy,1.3455804586410522,0.115458034,1.0,2829.0,34.0
2216,train,energy,2.3665122985839844,4.8811326,0.0,2393.0,38.0
2217,train,energy,7.255644798278809,2.7546625,0.0,1375.0,43.0
2218,train,energy,9.742542266845703,2.8719409,0.0,1.0,47.0
2219,train,energy,4.374268054962158,0.75443065,1.0,531.0,2.0
2220,train,energy,1.5270135402679443,4.0756083,0.0,268.0,59.0
2221,train,energy,2.018963575363159,1.0445014,1.0,2223.0,45.0
2222,train,energy,2.475200653076172,0.17122807,1.0,851.0,22.0
2223,train,energy,4.472572326660156,1.4057326,0.0,1023.0,31.0
2224,train,energy,3.844571352005005,0.53006685,1.0,2168.0,15.0
2225,train,energy,2.6476223468780518,7.5580735,0.0,2133.0,31.0
2226,train,energy,2.7194855213165283,0.14933942,1.0,2703.0,18.0
2227,train,energy,3.7069759368896484,4.307545,0.0,2177.0,39.0
2228,train,energy,3.679454803466797,1.7978756,0.0,2727.0,62.0
2229,train,energy,9.785343170166016,3.256806,0.0,1033.0,39.0
2230,train,energy,3.0510005950927734,1.7109712,0.0,2509.0,59.0
2231,train,energy,3.2158474922180176,3.3742023,0.0,445.0,60.0
2232,train,energy,4.200675964355469,2.8415322,0.0,161.0,36.0
2233,train,energy,5.108829975128174,1.4739289,1.0,1404.0,36.0
2234,train,energy,2.022169828414917,1.2308011,1.0,3429.0,27.0
2235,train,energy,3.915806531906128,5.329575,0.0,590.0,33.0
2236,train,energy,2.5188801288604736,3.2498207,0.0,2600.0,36.0
2237,train,energy,2.6363155841827393,4.1594853,0.0,2187.0,46.0
2238,train,energy,8.159574508666992,1.5487497,1.0,752.0,10.0
2239,train,energy,3.371004581451416,0.34327537,1.0,3217.0,0.0
2240,train,energy,2.6450729370117188,2.1936202,0.0,29.0,26.0
2241,train,energy,3.3047077655792236,4.2509537,0.0,57.0,39.0
2242,train,energy,7.661949634552002,4.0294514,0.0,3219.0,22.0
2243,train,energy,4.492755889892578,0.6533955,1.0,2331.0,60.0
2244,train,energy,3.863125801086426,2.3584075,0.0,3423.0,57.0
2245,train,energy,4.84548282623291,0.7961329,1.0,2691.0,32.0
2246,train,energy,3.2022452354431152,2.8915734,0.0,286.0,5.0
2247,train,energy,10.830689430236816,0.01922182,1.0,1013.0,22.0
2248,train,energy,9.6475191116333,3.3777528,0.0,2816.0,57.0
2249,train,energy,2.4864463806152344,0.51670974,1.0,3260.0,4.0
2250,train,energy,5.03335428237915,2.2654328,0.0,2126.0,39.0
2251,train,energy,4.099788665771484,0.71355337,1.0,2460.0,48.0
2252,train,energy,2.8475003242492676,1.3757482,1.0,103.0,21.0
2253,train,energy,1.7309757471084595,0.0043936865,1.0,3115.0,4.0
2254,train,energy,2.0499279499053955,2.7961311,0.0,2014.0,39.0
2255,train,energy,1.7968980073928833,0.82595664,1.0,1299.0,28.0
2256,train,energy,4.756217956542969,0.30276993,1.0,2728.0,20.0
2257,train,energy,2.8100123405456543,0.26276076,1.0,2553.0,35.0
2258,train,energy,5.971212863922119,2.3649173,0.0,1257.0,45.0
2259,train,energy,4.150473117828369,0.34603083,1.0,1232.0,9.0
2260,train,energy,3.7342944145202637,2.0911808,0.0,1936.0,43.0
2261,train,energy,4.724958896636963,1.2911388,1.0,361.0,48.0
2262,train,energy,2.5951061248779297,0.8452767,1.0,310.0,62.0
2263,train,energy,2.018118143081665,0.0015799432,1.0,2243.0,18.0
2264,train,energy,2.582294464111328,1.9958178,0.0,969.0,26.0
2265,train,energy,5.259067535400391,1.9989288,0.0,2807.0,15.0
2266,train,energy,4.1940507888793945,0.5261869,1.0,1267.0,15.0
2267,train,energy,3.668633460998535,3.3918512,0.0,34.0,42.0
2268,train,energy,3.041468858718872,0.050590146,1.0,751.0,9.0
2269,train,energy,4.75082540512085,2.609966,0.0,2805.0,48.0
2270,train,energy,6.120386600494385,3.5370145,0.0,2978.0,61.0
2271,train,energy,2.9864776134490967,1.9133235,1.0,542.0,41.0
2272,train,energy,1.9945071935653687,1.4477388,1.0,2974.0,50.0
2273,train,energy,2.669299602508545,2.192969,0.0,490.0,60.0
2274,train,energy,2.0726983547210693,3.317221,0.0,528.0,55.0
2275,train,energy,8.543997764587402,1.3038826,1.0,2264.0,49.0
2276,train,energy,2.277853488922119,3.3939028,0.0,2425.0,19.0
2277,train,energy,1.583875298500061,4.040728,0.0,1105.0,39.0
2278,train,energy,4.311259746551514,5.5419955,0.0,2101.0,37.0
2279,train,energy,3.2599198818206787,3.7984104,0.0,467.0,34.0
2280,train,energy,3.5488266944885254,1.5625473,1.0,2.0,35.0
2281,train,energy,8.852593421936035,0.031864263,1.0,138.0,9.0
2282,train,energy,2.067842960357666,0.083328284,1.0,299.0,0.0
2283,train,energy,4.570675849914551,2.54032,0.0,1159.0,2.0
2284,train,energy,3.5536394119262695,2.5234644,0.0,653.0,37.0
2285,train,energy,3.0053653717041016,1.3701717,1.0,2847.0,42.0
2286,train,energy,2.304286479949951,0.0067016133,1.0,750.0,0.0
2287,train,energy,2.815216064453125,8.118573,0.0,2309.0,56.0
2288,train,energy,0.8956393003463745,2.572945,0.0,3229.0,6.0
2289,train,energy,4.054213523864746,1.2356647,0.0,217.0,26.0
2290,train,energy,7.026121139526367,0.16372435,1.0,448.0,0.0
2291,train,energy,2.5885026454925537,4.552001,0.0,2878.0,27.0
2292,train,energy,6.7463507652282715,0.4347244,1.0,671.0,0.0
2293,train,energy,1.849002718925476,0.46382064,1.0,3377.0,14.0
2294,train,energy,3.531985282897949,4.936697,0.0,2145.0,33.0
2295,train,energy,3.3599202632904053,2.843452,0.0,3160.0,20.0
2296,train,energy,1.7059166431427002,3.6761754,0.0,439.0,7.0
2297,train,energy,2.315782070159912,2.2402966,0.0,1206.0,2.0
2298,train,energy,2.684911012649536,3.6519117,0.0,1888.0,27.0
2299,train,energy,5.207805156707764,2.0666282,0.0,731.0,3.0
2300,train,energy,5.971735954284668,1.8541083,0.0,2188.0,56.0
2301,train,energy,2.3632912635803223,2.6738513,0.0,3441.0,0.0
2302,train,energy,2.735550880432129,4.229865,0.0,3131.0,50.0
2303,train,energy,3.777658224105835,2.5413163,0.0,219.0,16.0
2304,train,energy,7.533076763153076,1.2598728,1.0,2718.0,50.0
2305,train,energy,1.2313345670700073,2.4592204,0.0,1199.0,14.0
2306,train,energy,2.8669281005859375,3.0268326,0.0,2653.0,32.0
2307,train,energy,4.920204162597656,4.9914083,0.0,530.0,3.0
2308,train,energy,3.9660468101501465,0.58442587,1.0,2442.0,44.0
2309,train,energy,2.612605094909668,1.9508429,0.0,1630.0,20.0
2310,train,energy,1.9893513917922974,0.24582407,1.0,3337.0,36.0
2311,train,energy,2.302475929260254,0.0029935094,1.0,2368.0,56.0
2312,train,energy,4.2517499923706055,0.16368954,1.0,47.0,61.0
2313,train,energy,3.228980541229248,2.4979272,0.0,388.0,19.0
2314,train,energy,3.639876365661621,0.80724216,1.0,2793.0,4.0
2315,train,energy,3.3869898319244385,1.4648983,1.0,2169.0,12.0
2316,train,energy,4.981369972229004,1.5041124,1.0,2759.0,55.0
2317,train,energy,4.54552698135376,2.993152,0.0,1337.0,12.0
2318,train,energy,3.1912691593170166,2.5731115,0.0,1823.0,44.0
2319,train,energy,1.7998745441436768,0.9594929,1.0,2891.0,36.0
2320,train,energy,1.8681931495666504,0.056817047,1.0,2349.0,56.0
2321,train,energy,2.7843775749206543,0.61207384,1.0,1989.0,42.0
2322,train,energy,2.06611967086792,4.082815,0.0,106.0,61.0
2323,train,energy,1.5532891750335693,1.0084426,0.0,2501.0,39.0
2324,train,energy,6.512995719909668,0.17399192,1.0,233.0,9.0
2325,train,energy,3.657317638397217,2.509993,0.0,1522.0,0.0
2326,train,energy,6.087121963500977,3.3214564,0.0,2448.0,12.0
2327,train,energy,3.6939477920532227,4.6943216,0.0,194.0,38.0
2328,train,energy,9.260761260986328,2.31842,0.0,2326.0,53.0
2329,train,energy,3.4546239376068115,2.2010508,0.0,2176.0,25.0
2330,train,energy,3.5321311950683594,4.576574,0.0,379.0,20.0
2331,train,energy,2.9944283962249756,3.7085528,0.0,1493.0,39.0
2332,train,energy,9.240473747253418,3.3747566,0.0,2544.0,11.0
2333,train,energy,2.6228413581848145,1.3207271,1.0,348.0,52.0
2334,train,energy,3.138439416885376,2.8952084,0.0,1771.0,6.0
2335,train,energy,4.906994342803955,1.3244764,1.0,190.0,37.0
2336,train,energy,4.720162868499756,1.3193111,1.0,2486.0,50.0
2337,train,energy,2.7711267471313477,0.7711509,1.0,1719.0,51.0
2338,train,energy,4.9478278160095215,3.4863167,0.0,2207.0,27.0
2339,train,energy,2.7431647777557373,3.7669344,0.0,1867.0,45.0
2340,train,energy,3.3704028129577637,4.3702564,0.0,3292.0,52.0
2341,train,energy,3.3726048469543457,0.9283167,0.0,889.0,18.0
2342,train,energy,6.204565525054932,5.827941,0.0,690.0,42.0
2343,train,energy,2.98262619972229,1.2354598,0.0,829.0,7.0
2344,train,energy,3.325927734375,2.4095101,0.0,635.0,60.0
2345,train,energy,10.569405555725098,2.3731582,0.0,605.0,6.0
2346,train,energy,3.8652682304382324,3.0267234,0.0,1370.0,24.0
2347,train,energy,4.100009441375732,1.2530584,0.0,2115.0,61.0
2348,train,energy,7.586733818054199,2.5168583,1.0,3341.0,54.0
2349,train,energy,2.084005832672119,1.6709392,1.0,2682.0,2.0
2350,train,energy,2.64559006690979,5.461975,0.0,1492.0,64.0
2351,train,energy,3.3044986724853516,0.14732327,1.0,730.0,50.0
2352,train,energy,5.906422138214111,1.078958,1.0,1606.0,47.0
2353,train,energy,4.7198286056518555,2.3366628,0.0,3069.0,3.0
2354,train,energy,11.983757972717285,1.8661445,0.0,3012.0,46.0
2355,train,energy,4.470091819763184,5.3337374,0.0,1040.0,63.0
2356,train,energy,1.4016270637512207,0.26772013,1.0,2855.0,18.0
2357,train,energy,3.5875089168548584,1.1163006,1.0,355.0,7.0
2358,train,energy,2.32053279876709,0.0038792847,1.0,3132.0,29.0
2359,train,energy,4.149176597595215,0.64050645,1.0,3427.0,1.0
2360,train,energy,6.416929244995117,2.3148327,0.0,2500.0,64.0
2361,train,energy,2.063453197479248,2.8056078,0.0,323.0,11.0
2362,train,energy,4.572035789489746,4.759989,0.0,3300.0,0.0
2363,train,energy,2.3984551429748535,3.695209,0.0,1789.0,3.0
2364,train,energy,2.6604199409484863,1.301996,1.0,999.0,60.0
2365,train,energy,2.8265061378479004,1.514386,1.0,1456.0,62.0
2366,train,energy,2.853543758392334,2.957388,0.0,648.0,27.0
2367,train,energy,1.517440676689148,1.6821156,1.0,3070.0,3.0
2368,train,energy,3.8641085624694824,3.4941041,0.0,2961.0,34.0
2369,train,energy,4.7537665367126465,1.7312592,0.0,440.0,14.0
2370,train,energy,1.8941341638565063,5.8283563,0.0,691.0,5.0
2371,train,energy,2.8391640186309814,4.939422,0.0,2438.0,2.0
2372,train,energy,3.60973858833313,3.4858186,0.0,1987.0,63.0
2373,train,energy,4.241428375244141,0.06687272,1.0,2490.0,4.0
2374,train,energy,3.3327105045318604,1.656558,1.0,2764.0,17.0
2375,train,energy,5.8271098136901855,1.6154072,1.0,2867.0,3.0
2376,train,energy,1.8490221500396729,0.0033317078,1.0,2512.0,18.0
2377,train,energy,2.566838502883911,0.032432333,1.0,1394.0,8.0
2378,train,energy,4.078775405883789,2.1563425,0.0,392.0,54.0
2379,train,energy,4.432487964630127,5.3402276,0.0,284.0,34.0
2380,train,energy,2.371384382247925,0.9275893,1.0,723.0,15.0
2381,train,energy,1.884089708328247,0.23079936,1.0,129.0,22.0
2382,train,energy,6.221617698669434,5.616424,0.0,2819.0,28.0
2383,train,energy,3.394256591796875,3.2180905,0.0,2478.0,39.0
2384,train,energy,4.044957637786865,1.6224617,1.0,3418.0,5.0
2385,train,energy,4.14164924621582,3.0752401,0.0,2142.0,13.0
2386,train,energy,2.2558350563049316,3.0721755,0.0,905.0,55.0
2387,train,energy,3.679403066635132,3.6170104,0.0,1298.0,27.0
2388,train,energy,2.998044013977051,0.2427599,1.0,149.0,51.0
2389,train,energy,2.6237244606018066,2.067733,0.0,565.0,0.0
2390,train,energy,2.023865222930908,1.6507605,1.0,3413.0,29.0
2391,train,energy,2.4459004402160645,1.9018534,1.0,1186.0,58.0
2392,train,energy,7.215435981750488,0.68445605,1.0,382.0,25.0
2393,train,energy,3.1876935958862305,4.1576095,0.0,2416.0,58.0
2394,train,energy,3.6285312175750732,0.5491487,1.0,3327.0,1.0
2395,train,energy,4.697115421295166,2.569979,0.0,3098.0,57.0
2396,train,energy,2.8998756408691406,0.52172494,1.0,2253.0,1.0
2397,train,energy,4.803249359130859,0.8970269,1.0,659.0,22.0
2398,train,energy,4.198978900909424,1.9144267,0.0,679.0,41.0
2399,train,energy,1.564244031906128,0.9382958,1.0,256.0,47.0
2400,train,energy,2.3864402770996094,1.2277246,1.0,3068.0,48.0
2401,train,energy,1.8628308773040771,3.637723,0.0,3323.0,38.0
2402,train,energy,1.98563551902771,3.045333,0.0,2444.0,15.0
2403,train,energy,5.978551387786865,0.48991317,1.0,689.0,62.0
2404,train,energy,3.3725972175598145,1.0657529,0.0,424.0,7.0
2405,train,energy,3.2882988452911377,1.9788241,0.0,2964.0,43.0
2406,train,energy,2.327883005142212,2.9385996,0.0,2301.0,37.0
2407,train,energy,2.855271339416504,2.0826867,0.0,3207.0,56.0
2408,train,energy,3.433928966522217,1.3264828,0.0,1592.0,48.0
2409,train,energy,2.856174945831299,1.929524,0.0,1279.0,47.0
2410,train,energy,2.4716570377349854,4.582226,0.0,3018.0,1.0
2411,train,energy,4.304230690002441,0.27438828,1.0,642.0,29.0
2412,train,energy,6.128600120544434,3.314858,0.0,2696.0,14.0
2413,train,energy,2.999359130859375,4.6003814,0.0,2953.0,47.0
2414,train,energy,3.4759714603424072,0.20587319,1.0,401.0,1.0
2415,train,energy,5.136300563812256,0.28992647,1.0,991.0,22.0
2416,train,energy,4.7760186195373535,2.895288,0.0,3394.0,38.0
2417,train,energy,2.3665857315063477,0.8762343,1.0,1653.0,7.0
2418,train,energy,3.6839025020599365,6.3069935,0.0,2098.0,33.0
2419,train,energy,3.6315345764160156,0.69285685,1.0,785.0,53.0
2420,train,energy,3.3191840648651123,2.1436481,0.0,3046.0,3.0
2421,train,energy,2.776345729827881,2.9733582,0.0,1728.0,55.0
2422,train,energy,2.1284031867980957,1.4859102,1.0,1382.0,31.0
2423,train,energy,2.616058826446533,2.6922836,0.0,3475.0,13.0
2424,train,energy,3.4549880027770996,2.181978,0.0,1323.0,23.0
2425,train,energy,3.249126434326172,0.046311013,1.0,1202.0,8.0
2426,train,energy,3.8146543502807617,2.8103004,0.0,3311.0,31.0
2427,train,energy,2.70820689201355,5.885071,0.0,912.0,50.0
2428,train,energy,2.199824810028076,2.3192482,0.0,1473.0,41.0
2429,train,energy,3.7875287532806396,2.256824,0.0,1672.0,19.0
2430,train,energy,2.6361565589904785,4.5467854,0.0,3374.0,5.0
2431,train,energy,1.7633514404296875,0.07524321,1.0,2922.0,9.0
2432,train,energy,3.2172398567199707,2.4584544,0.0,664.0,23.0
2433,train,energy,3.6706032752990723,0.7552587,1.0,2814.0,38.0
2434,train,energy,2.865792751312256,0.9104778,1.0,586.0,60.0
2435,train,energy,4.936574459075928,4.48381,0.0,1484.0,35.0
2436,train,energy,2.4483184814453125,2.5196888,0.0,2452.0,23.0
2437,train,energy,5.211735725402832,2.3227894,0.0,420.0,28.0
2438,train,energy,3.3583178520202637,0.90186334,1.0,3166.0,32.0
2439,train,energy,4.110629558563232,1.273833,1.0,1423.0,26.0
2440,train,energy,2.80167818069458,1.6577156,0.0,1356.0,55.0
2441,train,energy,1.6587896347045898,3.6216211,0.0,3065.0,12.0
2442,train,energy,2.2105700969696045,4.752129,0.0,636.0,21.0
2443,train,energy,1.7248717546463013,3.0681443,0.0,2635.0,21.0
2444,train,energy,3.947077512741089,1.0365443,1.0,1220.0,16.0
2445,train,energy,3.3317582607269287,1.5367553,1.0,1881.0,62.0
2446,train,energy,2.441936731338501,0.15121102,1.0,408.0,7.0
2447,train,energy,2.6664764881134033,1.9442604,0.0,749.0,20.0
2448,train,energy,1.5802881717681885,3.0808232,0.0,3280.0,43.0
2449,train,energy,6.0039753913879395,0.776846,1.0,712.0,53.0
2450,train,energy,7.378556251525879,3.1135814,0.0,3473.0,12.0
2451,train,energy,3.2911767959594727,2.5195355,0.0,1611.0,10.0
2452,train,energy,4.545133590698242,1.9875934,0.0,3381.0,26.0
2453,train,energy,3.359004020690918,3.7120724,0.0,1914.0,59.0
2454,train,energy,2.05163836479187,0.32741252,1.0,477.0,29.0
2455,train,energy,2.719799280166626,3.5921252,0.0,238.0,39.0
2456,train,energy,2.3688201904296875,0.37241995,1.0,1648.0,7.0
2457,train,energy,3.2071495056152344,3.0900135,0.0,3366.0,21.0
2458,train,energy,1.4795947074890137,3.9176815,0.0,2585.0,45.0
2459,train,energy,3.8748507499694824,1.869482,0.0,646.0,51.0
2460,train,energy,1.8144298791885376,4.4320917,0.0,3142.0,1.0
2461,train,energy,2.3269522190093994,2.1427593,0.0,2238.0,41.0
2462,train,energy,1.1821048259735107,2.2456465,0.0,2591.0,30.0
2463,train,energy,6.212568283081055,0.27578422,1.0,697.0,44.0
2464,train,energy,2.4851489067077637,0.64581114,1.0,2831.0,1.0
2465,train,energy,1.5034898519515991,0.15426947,1.0,1822.0,22.0
2466,train,energy,1.8703044652938843,0.14120239,1.0,1680.0,6.0
2467,train,energy,5.403689861297607,2.796426,0.0,67.0,62.0
2468,train,energy,5.802887916564941,1.2682418,1.0,3388.0,40.0
2469,train,energy,2.1960971355438232,0.5313686,1.0,2557.0,4.0
2470,train,energy,2.044405698776245,2.391033,0.0,335.0,5.0
2471,train,energy,5.114377021789551,0.20872284,1.0,1802.0,18.0
2472,train,energy,9.13585090637207,2.2180436,0.0,820.0,42.0
2473,train,energy,5.491584777832031,1.2263705,1.0,1553.0,39.0
2474,train,energy,2.731684684753418,1.2112867,1.0,827.0,10.0
2475,train,energy,3.883727788925171,3.977306,0.0,1266.0,41.0
2476,train,energy,2.6528797149658203,2.1474571,0.0,2332.0,56.0
2477,train,energy,4.237899303436279,3.3040862,0.0,2564.0,10.0
2478,train,energy,2.4739484786987305,2.33347,0.0,2428.0,20.0
2479,train,energy,1.8978322744369507,5.2410517,0.0,2657.0,25.0
2480,train,energy,2.472949743270874,1.8810793,0.0,1145.0,26.0
2481,train,energy,3.1648025512695312,2.8195841,0.0,2229.0,43.0
2482,train,energy,6.169956684112549,2.7411847,0.0,3175.0,11.0
2483,train,energy,4.807978630065918,6.292869,0.0,8.0,19.0
2484,train,energy,4.899528503417969,0.56098735,1.0,2235.0,35.0
2485,train,energy,2.4313323497772217,3.473721,0.0,1999.0,23.0
2486,train,energy,3.027864694595337,1.2871863,1.0,746.0,10.0
2487,train,energy,3.039154052734375,2.563663,0.0,2397.0,54.0
2488,train,energy,3.6441261768341064,1.0277901,0.0,797.0,34.0
2489,train,energy,3.2283565998077393,0.28556475,1.0,3249.0,9.0
2490,train,energy,4.292506217956543,0.0041676816,1.0,1355.0,8.0
2491,train,energy,2.233130931854248,0.3137245,1.0,216.0,6.0
2492,train,energy,3.9502501487731934,2.2793772,0.0,3188.0,46.0
2493,train,energy,3.025059223175049,1.8328086,1.0,3315.0,5.0
2494,train,energy,2.2194669246673584,4.3323126,0.0,414.0,37.0
2495,train,energy,2.127629518508911,1.8595943,0.0,2004.0,41.0
2496,train,energy,2.8858323097229004,3.0651994,0.0,206.0,35.0
2497,train,energy,3.751404047012329,2.5450435,0.0,805.0,47.0
2498,train,energy,3.421431541442871,4.131748,0.0,947.0,56.0
2499,train,energy,2.1572976112365723,1.6070039,0.0,2216.0,25.0
2500,train,energy,3.1830344200134277,2.7723694,0.0,983.0,23.0
2501,train,energy,2.2741527557373047,0.9927736,1.0,1495.0,49.0
2502,train,energy,2.4081435203552246,2.624223,0.0,23.0,43.0
2503,train,energy,3.911097288131714,1.5023847,0.0,1311.0,44.0
2504,train,energy,2.611978054046631,3.7201793,0.0,1059.0,57.0
2505,train,energy,2.631255626678467,2.1465461,0.0,1101.0,37.0
2506,train,energy,5.345703125,4.8584785,0.0,2694.0,11.0
2507,train,energy,2.898776054382324,2.87824,0.0,1243.0,20.0
2508,train,energy,3.0222787857055664,3.3326163,0.0,806.0,43.0
2509,train,energy,2.737785577774048,5.2046475,0.0,759.0,26.0
2510,train,energy,3.4021997451782227,2.3896384,0.0,370.0,25.0
2511,train,energy,3.4319677352905273,3.8894105,0.0,1963.0,25.0
2512,train,energy,2.0046756267547607,1.1431077,0.0,741.0,6.0
2513,train,energy,3.9235751628875732,5.8770084,0.0,1103.0,28.0
2514,train,energy,3.9930267333984375,2.2067807,0.0,2136.0,3.0
2515,train,energy,2.956252098083496,0.56701666,1.0,2362.0,30.0
2516,train,energy,4.605661392211914,2.6717653,0.0,2060.0,33.0
2517,train,energy,3.7538485527038574,2.070611,0.0,446.0,28.0
2518,train,energy,3.253574848175049,4.0435295,0.0,1983.0,19.0
2519,train,energy,1.0044902563095093,3.122036,0.0,850.0,34.0
2520,train,energy,8.471673011779785,2.051609,0.0,373.0,52.0
2521,train,energy,3.1800436973571777,4.5335093,0.0,91.0,49.0
2522,train,energy,2.243359327316284,3.0506601,0.0,597.0,31.0
2523,train,energy,2.674257278442383,4.8074718,0.0,62.0,57.0
2524,train,energy,3.559506416320801,3.3332877,0.0,2210.0,33.0
2525,train,energy,5.537397384643555,1.4804163,1.0,1570.0,45.0
2526,train,energy,4.442349433898926,3.2746263,0.0,3444.0,58.0
2527,train,energy,3.1660304069519043,1.7054307,0.0,1655.0,55.0
2528,train,energy,3.8553054332733154,0.34403718,1.0,1043.0,50.0
2529,train,energy,3.356243371963501,0.64042336,1.0,3198.0,58.0
2530,train,energy,3.1104049682617188,0.9184181,1.0,2423.0,1.0
2531,train,energy,2.314520835876465,2.5883365,0.0,2073.0,54.0
2532,train,energy,4.466507911682129,0.600205,1.0,1474.0,28.0
2533,train,energy,2.7639293670654297,2.0486913,0.0,2084.0,43.0
2534,train,energy,1.3462998867034912,1.5011511,1.0,1069.0,13.0
2535,train,energy,2.940034866333008,2.5728507,0.0,2918.0,49.0
2536,train,energy,5.15043830871582,3.699996,0.0,558.0,19.0
2537,train,energy,3.525730609893799,1.7581471,0.0,464.0,20.0
2538,train,energy,2.848264455795288,3.049677,0.0,1462.0,31.0
2539,train,energy,3.389096260070801,1.2057999,0.0,1661.0,7.0
2540,train,energy,2.850341558456421,0.2522282,1.0,2247.0,58.0
2541,train,energy,2.894979476928711,2.8929145,0.0,393.0,59.0
2542,train,energy,5.160923480987549,3.2844925,0.0,2427.0,35.0
2543,train,energy,2.326273202896118,1.5601926,1.0,1378.0,14.0
2544,train,energy,2.415415048599243,0.39778957,1.0,1903.0,56.0
2545,train,energy,2.0990536212921143,0.54082835,1.0,454.0,21.0
2546,train,energy,2.776191473007202,0.13165265,1.0,1511.0,4.0
2547,train,energy,4.456087589263916,2.1596482,0.0,1676.0,26.0
2548,train,energy,1.8388512134552002,4.5542374,0.0,845.0,24.0
2549,train,energy,7.2086052894592285,4.992376,0.0,2351.0,25.0
2550,train,energy,4.515617847442627,5.2013626,0.0,3079.0,34.0
2551,train,energy,3.211582660675049,1.1822397,1.0,1401.0,9.0
2552,train,energy,3.055642604827881,0.016994094,1.0,1304.0,8.0
2553,train,energy,3.3389158248901367,0.9451439,1.0,591.0,61.0
2554,train,energy,2.7711691856384277,3.505415,0.0,634.0,59.0
2555,train,energy,3.760159492492676,2.8874454,0.0,2612.0,13.0
2556,train,energy,2.308110237121582,2.695438,0.0,3468.0,57.0
2557,train,energy,2.6534440517425537,2.7154393,0.0,1527.0,37.0
2558,train,energy,10.80039119720459,4.222604,0.0,1241.0,53.0
2559,train,energy,2.8337225914001465,0.67324823,1.0,1082.0,15.0
2560,train,energy,4.25389289855957,5.046891,0.0,2641.0,10.0
2561,train,energy,2.2885518074035645,2.8354201,0.0,1765.0,48.0
2562,train,energy,1.4101142883300781,2.74845,0.0,2910.0,60.0
2563,train,energy,3.613276243209839,0.028265618,1.0,3164.0,8.0
2564,train,energy,2.8366634845733643,1.9532614,1.0,1938.0,30.0
2565,train,energy,8.421067237854004,0.13019249,1.0,472.0,4.0
2566,train,energy,2.238313674926758,0.23243964,1.0,1503.0,36.0
2567,train,energy,3.236433982849121,1.0314281,1.0,908.0,43.0
2568,train,energy,1.812228798866272,2.272948,0.0,1615.0,4.0
2569,train,energy,2.0866899490356445,4.8997474,0.0,2135.0,51.0
2570,train,energy,3.8517372608184814,2.5013294,0.0,1804.0,42.0
2571,train,energy,3.8127429485321045,0.43721315,1.0,322.0,36.0
2572,train,energy,2.0013465881347656,0.646979,1.0,491.0,7.0
2573,train,energy,7.3824357986450195,2.9989712,0.0,1743.0,28.0
2574,train,energy,4.596210479736328,4.620084,0.0,783.0,27.0
2575,train,energy,3.4700989723205566,2.9355643,0.0,577.0,39.0
2576,train,energy,5.113473415374756,0.26611036,1.0,3109.0,7.0
2577,train,energy,2.787523031234741,1.9353217,1.0,1656.0,47.0
2578,train,energy,5.434731483459473,1.4416816,1.0,2025.0,39.0
2579,train,energy,6.338119983673096,1.3067908,1.0,1986.0,27.0
2580,train,energy,1.6001026630401611,2.0134535,0.0,755.0,51.0
2581,train,energy,2.267401695251465,4.234872,0.0,1915.0,4.0
2582,train,energy,2.5630030632019043,1.9822798,0.0,1850.0,59.0
2583,train,energy,1.4287950992584229,1.3482462,0.0,1959.0,45.0
2584,train,energy,1.335881233215332,0.48979968,1.0,287.0,8.0
2585,train,energy,2.91223406791687,1.4578964,0.0,494.0,37.0
2586,train,energy,2.4862349033355713,0.48151666,1.0,2754.0,0.0
2587,train,energy,2.392092704772949,1.5988822,1.0,1810.0,20.0
2588,train,energy,3.1851391792297363,0.8437137,1.0,1248.0,10.0
2589,train,energy,2.55288028717041,1.2226343,1.0,660.0,1.0
2590,train,energy,2.909107208251953,4.4897766,0.0,895.0,21.0
2591,train,energy,3.857983112335205,1.8996977,1.0,2621.0,3.0
2592,train,energy,3.9974417686462402,2.2874632,0.0,2632.0,10.0
2593,train,energy,1.890236496925354,0.9327995,1.0,12.0,44.0
2594,train,energy,2.581112861633301,2.8344486,0.0,1407.0,18.0
2595,train,energy,3.4490692615509033,1.2866395,1.0,1913.0,10.0
2596,train,energy,2.176490545272827,3.6495957,0.0,2392.0,60.0
2597,train,energy,3.1053340435028076,2.0873947,0.0,2677.0,17.0
2598,train,energy,2.635688304901123,2.337976,0.0,654.0,63.0
2599,train,energy,2.6654367446899414,4.253173,0.0,2638.0,14.0
2600,train,energy,2.6718039512634277,5.0875025,0.0,2466.0,17.0
2601,train,energy,2.1370487213134766,2.0529022,0.0,2751.0,14.0
2602,train,energy,4.760562896728516,1.2055678,1.0,3062.0,50.0
2603,train,energy,2.885343313217163,1.2676203,1.0,3251.0,16.0
2604,train,energy,2.40128231048584,1.9591788,0.0,1538.0,10.0
2605,train,energy,1.6922504901885986,0.4728644,1.0,1658.0,14.0
2606,train,energy,5.482354640960693,0.7569849,1.0,1932.0,19.0
2607,train,energy,2.3105361461639404,0.0068429885,1.0,3390.0,29.0
2608,train,energy,2.0018692016601562,1.633208,0.0,98.0,10.0
2609,train,energy,2.5754611492156982,1.9712063,0.0,1900.0,30.0
2610,train,energy,2.7780187129974365,3.303978,0.0,2991.0,35.0
2611,train,energy,3.673084259033203,2.5902758,0.0,961.0,32.0
2612,train,energy,3.6421632766723633,2.0287085,1.0,1578.0,11.0
2613,train,energy,1.7761226892471313,0.54039943,1.0,224.0,61.0
2614,train,energy,2.0555176734924316,3.1163194,0.0,941.0,24.0
2615,train,energy,4.504673957824707,0.47299266,1.0,2873.0,38.0
2616,train,energy,4.385517120361328,3.9672956,0.0,1129.0,16.0
2617,train,energy,2.635392189025879,0.3037002,1.0,342.0,16.0
2618,train,energy,1.93564772605896,2.7981753,0.0,81.0,19.0
2619,train,energy,1.6434943675994873,3.4689884,0.0,121.0,3.0
2620,train,energy,2.668649196624756,3.3243542,0.0,1430.0,57.0
2621,train,energy,3.2651376724243164,2.6115122,0.0,1779.0,16.0
2622,train,energy,2.8425605297088623,2.4670522,0.0,2894.0,45.0
2623,train,energy,2.4050354957580566,3.6199038,0.0,3297.0,40.0
2624,train,energy,1.8874266147613525,2.283348,0.0,2580.0,37.0
2625,train,energy,6.98296594619751,1.5036716,1.0,394.0,44.0
2626,train,energy,2.008561611175537,1.8025244,1.0,603.0,42.0
2627,train,energy,4.428013801574707,1.9376355,0.0,2453.0,42.0
2628,train,energy,2.4138739109039307,6.254387,0.0,2255.0,11.0
2629,train,energy,2.8324427604675293,2.7828135,0.0,325.0,31.0
2630,train,energy,2.677743911743164,1.6760798,0.0,3282.0,23.0
2631,train,energy,6.994643211364746,2.2988122,0.0,2072.0,54.0
2632,train,energy,3.766427755355835,3.4240046,0.0,2839.0,37.0
2633,train,energy,2.238342761993408,1.3379029,1.0,2095.0,14.0
2634,train,energy,2.8743865489959717,1.1230562,0.0,406.0,48.0
2635,train,energy,2.3141703605651855,3.5220113,0.0,2266.0,12.0
2636,train,energy,7.395036697387695,0.83032453,1.0,2949.0,9.0
2637,train,energy,2.961329221725464,0.58235466,1.0,2209.0,11.0
2638,train,energy,3.7284176349639893,3.9339538,0.0,3437.0,25.0
2639,train,energy,4.649960994720459,2.1312351,0.0,330.0,27.0
2640,train,energy,3.276416063308716,0.27474618,1.0,2059.0,1.0
2641,train,energy,3.038031816482544,7.5178227,0.0,984.0,35.0
2642,train,energy,1.3052176237106323,1.8257701,0.0,1996.0,6.0
2643,train,energy,5.3368659019470215,4.5748463,0.0,975.0,59.0
2644,train,energy,2.8531205654144287,0.83452064,1.0,2262.0,34.0
2645,train,energy,2.9822776317596436,1.5459876,1.0,169.0,16.0
2646,train,energy,3.422640323638916,2.7373989,0.0,1155.0,59.0
2647,train,energy,3.361501932144165,0.061635453,1.0,786.0,50.0
2648,train,energy,1.528853416442871,2.509293,0.0,3334.0,54.0
2649,train,energy,6.274490833282471,3.047135,0.0,2479.0,23.0
2650,train,energy,1.6423043012619019,0.7017544,1.0,514.0,36.0
2651,train,energy,3.1901402473449707,2.825437,0.0,476.0,37.0
2652,train,energy,3.763446807861328,2.212269,0.0,407.0,20.0
2653,train,energy,2.5919857025146484,1.7332267,0.0,3108.0,56.0
2654,train,energy,2.9428157806396484,4.998476,0.0,1209.0,16.0
2655,train,energy,2.7683372497558594,2.7776814,0.0,1790.0,52.0
2656,train,energy,3.3031959533691406,2.3812852,0.0,2738.0,14.0
2657,train,energy,3.4952147006988525,0.2460315,1.0,1973.0,7.0
2658,train,energy,7.6933393478393555,0.016241852,1.0,567.0,22.0
2659,train,energy,7.021356582641602,1.201452,1.0,1063.0,49.0
2660,train,energy,3.2894973754882812,0.028402006,1.0,1798.0,9.0
2661,train,energy,1.678826928138733,0.82525474,1.0,3462.0,60.0
2662,train,energy,2.998041868209839,7.539677,0.0,239.0,15.0
2663,train,energy,4.296339988708496,5.765683,0.0,511.0,19.0
2664,train,energy,1.927358865737915,1.6261774,1.0,2202.0,27.0
2665,train,energy,2.4366440773010254,1.8169172,0.0,2001.0,42.0
2666,train,energy,2.5224075317382812,4.395815,0.0,384.0,3.0
2667,train,energy,2.810037136077881,0.40489575,1.0,2417.0,25.0
2668,train,energy,5.357256889343262,1.746016,1.0,2239.0,6.0
2669,train,energy,2.237766742706299,3.2622268,0.0,960.0,15.0
2670,train,energy,2.384547710418701,0.27496308,1.0,1513.0,38.0
2671,train,energy,2.984440565109253,1.8335297,0.0,1825.0,50.0
2672,train,energy,2.570427656173706,0.33771318,1.0,1579.0,61.0
2673,train,energy,1.778486728668213,5.90868,0.0,1395.0,28.0
2674,train,energy,3.1355886459350586,2.668938,0.0,205.0,10.0
2675,train,energy,2.660630702972412,1.2459979,1.0,1847.0,53.0
2676,train,energy,6.223038196563721,3.065199,0.0,930.0,35.0
2677,train,energy,4.849508285522461,1.70021,1.0,1068.0,54.0
2678,train,energy,2.9560394287109375,0.50646293,1.0,151.0,7.0
2679,train,energy,6.541621208190918,0.28420806,1.0,1859.0,56.0
2680,train,energy,1.8004741668701172,0.10475849,1.0,2347.0,9.0
2681,train,energy,4.547375202178955,0.96216494,1.0,1431.0,61.0
2682,train,energy,3.6614747047424316,0.15695205,1.0,1264.0,58.0
2683,train,energy,5.552960395812988,0.95536065,1.0,1688.0,45.0
2684,train,energy,2.2137300968170166,2.4739137,0.0,3464.0,7.0
2685,train,energy,4.0654120445251465,1.5632006,0.0,1170.0,32.0
2686,train,energy,3.287004232406616,0.669254,1.0,787.0,56.0
2687,train,energy,4.9736247062683105,3.4788322,0.0,2110.0,54.0
2688,train,energy,2.2439959049224854,0.74733275,1.0,1369.0,36.0
2689,train,energy,2.463650703430176,2.1964674,0.0,2254.0,58.0
2690,train,energy,2.2939367294311523,6.220398,0.0,2359.0,50.0
2691,train,energy,3.614973783493042,1.8593807,0.0,822.0,50.0
2692,train,energy,4.174764156341553,2.5338702,0.0,3236.0,30.0
2693,train,energy,1.4818115234375,3.4854612,0.0,2342.0,28.0
2694,train,energy,3.0359561443328857,2.7209668,0.0,3101.0,10.0
2695,train,energy,4.7131242752075195,0.04708977,1.0,2016.0,22.0
2696,train,energy,3.4635839462280273,0.2239489,1.0,1749.0,4.0
2697,train,energy,2.024472713470459,1.644606,0.0,2822.0,56.0
2698,train,energy,5.40383243560791,2.9655066,0.0,2697.0,63.0
2699,train,energy,3.616446018218994,2.1205637,0.0,272.0,57.0
2700,train,energy,3.754305362701416,1.0745239,1.0,2055.0,14.0
2701,train,energy,2.8631718158721924,1.5197563,1.0,1175.0,10.0
2702,train,energy,3.9996438026428223,1.944673,0.0,3262.0,27.0
2703,train,energy,3.7351865768432617,3.5709648,0.0,2871.0,30.0
2704,train,energy,3.402838706970215,0.26399642,1.0,3073.0,61.0
2705,train,energy,1.6381382942199707,2.8594322,0.0,1758.0,54.0
2706,train,energy,3.110541343688965,3.7933366,0.0,720.0,21.0
2707,train,energy,2.7403621673583984,1.5741528,1.0,123.0,54.0
2708,train,energy,3.3178915977478027,1.6250396,1.0,1956.0,63.0
2709,train,energy,2.2845101356506348,1.7356775,1.0,2774.0,54.0
2710,train,energy,3.987377643585205,3.4931548,0.0,726.0,35.0
2711,train,energy,3.591522455215454,5.11903,0.0,213.0,10.0
2712,train,energy,4.793200969696045,1.1371896,1.0,415.0,44.0
2713,train,energy,2.978095531463623,2.8181365,0.0,1782.0,18.0
2714,train,energy,2.048333168029785,5.520958,0.0,1270.0,46.0
2715,train,energy,2.597153663635254,2.3341885,0.0,1541.0,43.0
2716,train,energy,1.6132687330245972,2.566778,0.0,3370.0,53.0
2717,train,energy,13.75368881225586,0.37451735,1.0,1944.0,14.0
2718,train,energy,2.578991413116455,5.062258,0.0,2108.0,61.0
2719,train,energy,8.627371788024902,0.17364056,1.0,1785.0,9.0
2720,train,energy,4.723258972167969,0.9359478,1.0,74.0,63.0
2721,train,energy,5.624812602996826,7.2599173,0.0,2274.0,17.0
2722,train,energy,3.290508270263672,4.4994946,0.0,2026.0,0.0
2723,train,energy,12.954103469848633,0.0046806294,1.0,478.0,29.0
2724,train,energy,6.337142467498779,1.345967,1.0,2116.0,6.0
2725,train,energy,3.5576000213623047,1.6779555,0.0,1907.0,15.0
2726,train,energy,3.749607801437378,5.4796286,0.0,3276.0,41.0
2727,train,energy,2.388606071472168,2.3167784,0.0,10.0,34.0
2728,train,energy,3.653386116027832,2.5700092,0.0,1694.0,31.0
2729,train,energy,2.649474620819092,2.8151605,0.0,3401.0,6.0
2730,train,energy,2.520608425140381,1.4256696,1.0,3090.0,44.0
2731,train,energy,4.069963455200195,1.8551401,0.0,2096.0,47.0
2732,train,energy,4.65155029296875,1.4541634,0.0,1240.0,30.0
2733,train,energy,3.128067970275879,1.6706173,0.0,790.0,10.0
2734,train,energy,2.550502061843872,2.4314528,0.0,1879.0,47.0
2735,train,energy,5.601097583770752,1.9543245,0.0,2353.0,35.0
2736,train,energy,2.978905200958252,4.705796,0.0,2786.0,42.0
2737,train,energy,3.742833137512207,0.44536093,1.0,290.0,0.0
2738,train,energy,2.8823189735412598,3.0107698,0.0,2119.0,54.0
2739,train,energy,2.865867853164673,2.3750515,0.0,3278.0,12.0
2740,train,energy,4.218036651611328,0.36952698,1.0,2667.0,45.0
2741,train,energy,3.169121026992798,2.6126943,0.0,2773.0,5.0
2742,train,energy,4.303457260131836,3.766265,0.0,2582.0,55.0
2743,train,energy,3.6444931030273438,0.8951216,1.0,1725.0,56.0
2744,train,energy,2.3922364711761475,0.14093725,1.0,95.0,29.0
2745,train,energy,4.207751274108887,1.7715806,0.0,951.0,42.0
2746,train,energy,2.275338649749756,3.694325,0.0,2015.0,10.0
2747,train,energy,3.2157363891601562,2.1127694,1.0,911.0,59.0
2748,train,energy,2.7215611934661865,0.69603825,1.0,1635.0,56.0
2749,train,energy,2.9274744987487793,0.35134256,1.0,2112.0,4.0
2750,train,energy,1.5634936094284058,4.8434873,0.0,306.0,10.0
2751,train,energy,1.6430944204330444,6.431056,0.0,2403.0,36.0
2752,train,energy,2.649820327758789,0.071874484,1.0,1520.0,9.0
2753,train,energy,2.7420947551727295,1.6693907,0.0,2498.0,42.0
2754,train,energy,2.575582504272461,2.3388133,0.0,2907.0,47.0
2755,train,energy,2.7780535221099854,1.6692232,0.0,19.0,63.0
2756,train,energy,2.4041271209716797,1.7446662,0.0,1543.0,3.0
2757,train,energy,2.655702590942383,3.5279589,0.0,2913.0,12.0
2758,train,energy,3.0320370197296143,0.1327387,1.0,2761.0,22.0
2759,train,energy,3.249253988265991,2.338581,0.0,2217.0,14.0
2760,train,energy,2.7520735263824463,1.7474217,1.0,3085.0,41.0
2761,train,energy,1.7206352949142456,0.029735722,1.0,492.0,56.0
2762,train,energy,2.5694613456726074,1.3784976,1.0,159.0,10.0
2763,train,energy,2.4759230613708496,3.6829126,0.0,3385.0,35.0
2764,train,energy,3.7720999717712402,3.1205537,0.0,1402.0,19.0
2765,train,energy,9.702449798583984,2.5829742,0.0,549.0,31.0
2766,train,energy,2.021712303161621,2.704344,0.0,2588.0,21.0
2767,train,energy,5.184300422668457,0.15078533,1.0,1601.0,8.0
2768,train,energy,4.145236492156982,1.7203821,0.0,254.0,45.0
2769,train,energy,2.677440643310547,2.3463101,0.0,853.0,57.0
2770,train,energy,2.7460412979125977,1.9196854,0.0,1441.0,34.0
2771,train,energy,3.533175468444824,1.6868061,1.0,1301.0,16.0
2772,train,energy,5.727712631225586,2.5145397,0.0,1568.0,5.0
2773,train,energy,4.267210960388184,0.69695306,1.0,459.0,21.0
2774,train,energy,4.950260162353516,2.5114627,0.0,986.0,33.0
2775,train,energy,3.1874561309814453,0.37081954,1.0,1450.0,14.0
2776,train,energy,4.500805377960205,3.9174223,0.0,2361.0,37.0
2777,train,energy,6.659333229064941,3.1000009,0.0,1181.0,21.0
2778,train,energy,2.9696013927459717,0.45734045,1.0,3343.0,21.0
2779,train,energy,2.1425633430480957,2.223724,0.0,25.0,39.0
2780,train,energy,2.274632692337036,1.1575449,1.0,3412.0,3.0
2781,train,energy,1.2923390865325928,1.8341656,1.0,1623.0,36.0
2782,train,energy,2.3936543464660645,3.6526299,0.0,2720.0,6.0
2783,train,energy,4.299779891967773,1.1857706,1.0,965.0,15.0
2784,train,energy,3.100248336791992,1.798131,1.0,2799.0,31.0
2785,train,energy,2.643606662750244,4.785148,0.0,1321.0,44.0
2786,train,energy,4.479436874389648,2.9760125,0.0,2688.0,3.0
2787,train,energy,2.0302894115448,2.4341292,0.0,945.0,0.0
2788,train,energy,5.225435256958008,0.5261548,1.0,2491.0,60.0
2789,train,energy,2.7767186164855957,2.1685686,0.0,1053.0,46.0
2790,train,energy,3.9213075637817383,1.5401659,0.0,1259.0,18.0
2791,train,energy,3.115569829940796,2.0416646,0.0,2481.0,63.0
2792,train,energy,1.8906331062316895,3.3275251,0.0,3357.0,42.0
2793,train,energy,2.945587158203125,2.4869428,0.0,1092.0,32.0
2794,train,energy,9.884477615356445,4.657526,0.0,2507.0,63.0
2795,train,energy,3.6410324573516846,3.4033918,0.0,1783.0,53.0
2796,train,energy,3.4546093940734863,2.0871184,0.0,781.0,59.0
2797,train,energy,7.222954273223877,0.6796803,1.0,959.0,44.0
2798,train,energy,2.9992518424987793,1.3008071,1.0,3043.0,36.0
2799,train,energy,3.412665367126465,0.38508108,1.0,1034.0,38.0
2800,train,energy,2.7965335845947266,0.77678853,1.0,3111.0,45.0
2801,train,energy,4.37796688079834,2.3268685,0.0,1454.0,12.0
2802,train,energy,2.003941059112549,0.003032968,1.0,968.0,9.0
2803,train,energy,3.0735764503479004,1.9661114,0.0,1481.0,14.0
2804,train,energy,5.037351131439209,5.3276696,0.0,583.0,9.0
2805,train,energy,3.1718857288360596,1.8713096,1.0,2547.0,60.0
2806,train,energy,2.468879222869873,0.41079053,1.0,498.0,21.0
2807,train,energy,4.861595630645752,4.1488113,0.0,1530.0,50.0
2808,train,energy,2.8333802223205566,0.17923777,1.0,2487.0,7.0
2809,train,energy,3.600520133972168,0.006143732,1.0,2775.0,29.0
2810,train,energy,2.343750238418579,0.385989,1.0,1032.0,8.0
2811,train,energy,3.6303625106811523,2.7924242,0.0,766.0,39.0
2812,train,energy,2.8357577323913574,0.20180282,1.0,108.0,1.0
2813,train,energy,3.0031890869140625,2.8387456,0.0,1835.0,54.0
2814,train,energy,3.929245710372925,1.9162205,1.0,265.0,24.0
2815,train,energy,3.08713436126709,2.5978918,0.0,1133.0,55.0
2816,train,energy,1.8413892984390259,2.7051253,0.0,1532.0,21.0
2817,train,energy,2.509721279144287,0.045095533,1.0,1755.0,56.0
2818,train,energy,2.928968906402588,0.5392784,1.0,2992.0,8.0
2819,train,energy,2.098787307739258,1.7951043,0.0,1643.0,27.0
2820,train,energy,3.5999529361724854,2.1831667,0.0,3289.0,26.0
2821,train,energy,3.6743626594543457,0.2721733,1.0,3360.0,1.0
2822,train,energy,7.18089485168457,1.9270259,1.0,875.0,44.0
2823,train,energy,3.5104360580444336,1.2553856,1.0,307.0,10.0
2824,train,energy,4.16255521774292,0.7333474,1.0,2832.0,14.0
2825,train,energy,5.571502685546875,3.1631472,0.0,825.0,45.0
2826,train,energy,3.098619222640991,1.1453582,1.0,3481.0,6.0
2827,train,energy,3.066248655319214,0.43454137,1.0,52.0,35.0
2828,train,energy,5.740683078765869,2.3897471,0.0,3049.0,31.0
2829,train,energy,8.105642318725586,0.524555,1.0,1937.0,34.0
2830,train,energy,2.226764678955078,2.6387758,0.0,3056.0,4.0
2831,train,energy,2.3181941509246826,2.0764437,0.0,2969.0,48.0
2832,train,energy,3.4363036155700684,2.1125205,0.0,2566.0,43.0
2833,train,energy,2.1433181762695312,2.813165,0.0,2107.0,3.0
2834,train,energy,4.652418613433838,0.07406485,1.0,2951.0,0.0
2835,train,energy,6.0117058753967285,0.6327549,1.0,317.0,56.0
2836,train,energy,1.834249496459961,3.0630887,0.0,538.0,1.0
2837,train,energy,2.8901724815368652,1.8638563,1.0,463.0,42.0
2838,train,energy,2.7518534660339355,0.09725792,1.0,2077.0,8.0
2839,train,energy,4.218155860900879,0.7400667,1.0,1112.0,26.0
2840,train,energy,3.515190362930298,1.0098069,1.0,708.0,11.0
2841,train,energy,2.3680272102355957,1.4302,1.0,872.0,10.0
2842,train,energy,2.8655991554260254,0.07573236,1.0,2629.0,18.0
2843,train,energy,3.167841672897339,0.71444345,1.0,69.0,63.0
2844,train,energy,2.2844982147216797,0.98559487,1.0,1552.0,7.0
2845,train,energy,2.8478193283081055,2.832367,0.0,1710.0,17.0
2846,train,energy,2.379761219024658,0.10803297,1.0,744.0,38.0
2847,train,energy,5.462221145629883,0.6545989,1.0,177.0,53.0
2848,train,energy,3.2745251655578613,3.259553,0.0,339.0,21.0
2849,train,energy,2.779974937438965,0.023691429,1.0,619.0,18.0
2850,train,energy,2.838866949081421,1.1772354,1.0,1428.0,50.0
2851,train,energy,3.303915023803711,8.547679,0.0,2321.0,29.0
2852,train,energy,4.22641134262085,2.3767214,0.0,203.0,47.0
2853,train,energy,2.2146337032318115,1.9419935,0.0,616.0,10.0
2854,train,energy,2.5095746517181396,3.3005443,0.0,2340.0,45.0
2855,train,energy,4.402290344238281,0.19468504,1.0,2035.0,8.0
2856,train,energy,4.472778797149658,0.06168208,1.0,3263.0,22.0
2857,train,energy,4.33372688293457,2.4759707,0.0,3233.0,32.0
2858,train,energy,2.523799419403076,3.5755136,0.0,3058.0,21.0
2859,train,energy,4.730969429016113,0.48450303,1.0,846.0,58.0
2860,train,energy,2.2198405265808105,4.4750834,0.0,1296.0,30.0
2861,train,energy,4.975481986999512,0.036617383,1.0,1344.0,4.0
2862,train,energy,7.970693588256836,2.1208055,0.0,1042.0,30.0
2863,train,energy,3.721115827560425,1.2455316,1.0,1055.0,30.0
2864,train,energy,2.858870267868042,1.6134168,1.0,2719.0,31.0
2865,train,energy,2.7067770957946777,5.7240434,0.0,748.0,51.0
2866,train,energy,2.8227686882019043,0.38137498,1.0,594.0,23.0
2867,train,energy,4.04974365234375,0.1302513,1.0,413.0,4.0
2868,train,energy,4.209403991699219,0.8008499,1.0,1280.0,29.0
2869,train,energy,4.251906394958496,1.278353,0.0,2844.0,16.0
2870,train,energy,3.076270818710327,1.3250635,1.0,1168.0,53.0
2871,train,energy,6.681485176086426,2.310457,0.0,932.0,11.0
2872,train,energy,3.256484031677246,0.3417935,1.0,1200.0,63.0
2873,train,energy,5.95265531539917,3.8402681,0.0,2915.0,5.0
2874,train,energy,10.605154991149902,4.922015,0.0,2381.0,35.0
2875,train,energy,6.1496195793151855,0.5617012,1.0,1961.0,29.0
2876,train,energy,3.879410982131958,3.6717706,0.0,2561.0,54.0
2877,train,energy,1.915276050567627,3.8902178,0.0,2214.0,55.0
2878,train,energy,2.467787742614746,1.3370509,1.0,3205.0,12.0
2879,train,energy,5.010335445404053,3.7688715,0.0,2346.0,47.0
2880,train,energy,2.603210926055908,2.8257115,0.0,2325.0,37.0
2881,train,energy,3.5461440086364746,0.8495281,1.0,3203.0,15.0
2882,train,energy,2.5821681022644043,0.12824367,1.0,1793.0,0.0
2883,train,energy,2.784942626953125,1.696633,1.0,1954.0,41.0
2884,train,energy,2.456149101257324,4.2080684,0.0,1004.0,54.0
2885,train,energy,2.6322836875915527,0.57388294,1.0,686.0,34.0
2886,train,energy,2.3696787357330322,4.3748713,0.0,2489.0,57.0
2887,train,energy,4.539396286010742,0.107069924,1.0,2745.0,4.0
2888,train,energy,2.6295433044433594,2.663517,0.0,2445.0,3.0
2889,train,energy,3.2266337871551514,0.9002761,1.0,580.0,49.0
2890,train,energy,3.374255657196045,2.5778666,0.0,2364.0,63.0
2891,train,energy,2.2323288917541504,1.794424,0.0,3216.0,47.0
2892,train,energy,5.872295379638672,0.9391961,1.0,1550.0,18.0
2893,train,energy,3.010434150695801,0.34954464,1.0,2472.0,47.0
2894,train,energy,2.652219295501709,2.394837,0.0,143.0,1.0
2895,train,energy,2.4876585006713867,1.1149279,1.0,559.0,36.0
2896,train,energy,9.010327339172363,2.2705946,1.0,1709.0,53.0
2897,train,energy,2.78179931640625,3.0744638,0.0,2749.0,28.0
2898,train,energy,4.920717239379883,2.6885753,0.0,2808.0,29.0
2899,train,energy,3.4092414379119873,0.6731057,1.0,607.0,50.0
2900,train,energy,3.9008519649505615,3.0228453,0.0,13.0,39.0
2901,train,energy,4.785495758056641,1.9394217,0.0,2917.0,47.0
2902,train,energy,3.768615245819092,0.46036848,1.0,3332.0,18.0
2903,train,energy,2.1922147274017334,0.008432379,1.0,555.0,8.0
2904,train,energy,6.373263359069824,0.09528072,1.0,3121.0,9.0
2905,train,energy,2.686777114868164,2.745842,0.0,176.0,19.0
2906,train,energy,3.3750176429748535,2.3224998,0.0,2179.0,38.0
2907,train,energy,2.7514777183532715,4.7074127,0.0,2356.0,28.0
2908,train,energy,3.015395164489746,3.362357,0.0,66.0,46.0
2909,train,energy,2.5012075901031494,2.1470163,0.0,1214.0,43.0
2910,train,energy,4.052480697631836,1.3067715,1.0,1318.0,48.0
2911,train,energy,4.138185024261475,0.073080584,1.0,142.0,29.0
2912,train,energy,4.889225482940674,6.2800794,0.0,2369.0,6.0
2913,train,energy,3.0344715118408203,2.1799333,0.0,3026.0,60.0
2914,train,energy,6.8716912269592285,3.8899782,0.0,2300.0,15.0
2915,train,energy,3.143632173538208,3.4660037,0.0,2554.0,14.0
2916,train,energy,3.1437735557556152,5.801897,0.0,1563.0,20.0
2917,train,energy,4.6205573081970215,2.9287949,0.0,3213.0,53.0
2918,train,energy,4.532384872436523,4.6988873,0.0,1778.0,34.0
2919,train,energy,3.4461941719055176,2.732346,0.0,2405.0,52.0
2920,train,energy,4.792210578918457,6.5408235,0.0,1508.0,64.0
2921,train,energy,5.920382499694824,1.5605394,1.0,811.0,10.0
2922,train,energy,2.1423909664154053,5.029305,0.0,526.0,0.0
2923,train,energy,1.366091012954712,1.1672585,1.0,2260.0,53.0
2924,train,energy,3.1816020011901855,0.9350591,1.0,2936.0,25.0
2925,train,energy,2.3952300548553467,1.4051208,1.0,2100.0,51.0
2926,train,energy,3.3657679557800293,0.2610272,1.0,270.0,44.0
2927,train,energy,4.927515983581543,1.8685637,0.0,1506.0,55.0
2928,train,energy,2.79671049118042,1.3279406,1.0,228.0,53.0
2929,train,energy,2.0636463165283203,0.9476957,1.0,127.0,47.0
2930,train,energy,1.4488506317138672,0.011604899,1.0,1195.0,22.0
2931,train,energy,4.2029805183410645,1.1928293,1.0,1216.0,48.0
2932,train,energy,1.6701791286468506,3.7762775,0.0,2429.0,16.0
2933,train,energy,3.9725770950317383,3.770379,0.0,1409.0,38.0
2934,train,energy,3.1379764080047607,0.5658609,1.0,442.0,19.0
2935,train,energy,6.098187446594238,1.9468557,1.0,3344.0,54.0
2936,train,energy,3.679586887359619,4.9447603,0.0,2565.0,11.0
2937,train,energy,1.2993026971817017,3.0738387,0.0,515.0,6.0
2938,train,energy,2.560136318206787,1.6796424,1.0,1796.0,25.0
2939,train,energy,4.5266618728637695,5.1344676,0.0,3393.0,31.0
2940,train,energy,5.584198474884033,0.41198206,1.0,1943.0,34.0
2941,train,energy,2.1191084384918213,3.8234973,0.0,2390.0,7.0
2942,train,energy,2.8445088863372803,2.0531592,0.0,2432.0,21.0
2943,train,energy,6.038926124572754,0.731028,1.0,3051.0,62.0
2944,train,energy,2.3065366744995117,0.121735826,1.0,3129.0,7.0
2945,train,energy,3.4500274658203125,0.70237714,1.0,2912.0,9.0
2946,train,energy,4.270309925079346,0.6114825,1.0,1619.0,29.0
2947,train,energy,5.583132743835449,2.63842,0.0,1150.0,6.0
2948,train,energy,1.9655787944793701,0.7908039,1.0,2662.0,55.0
2949,train,energy,2.950632333755493,2.455229,0.0,803.0,46.0
2950,train,energy,2.7837979793548584,0.011601717,1.0,1580.0,18.0
2951,train,energy,3.9208948612213135,3.6817417,0.0,1007.0,5.0
2952,train,energy,3.0834176540374756,0.5581295,1.0,1049.0,29.0
2953,train,energy,4.734753608703613,1.843612,1.0,1277.0,11.0
2954,train,energy,1.8858858346939087,0.9207004,0.0,2874.0,20.0
2955,train,energy,3.066154956817627,0.9525854,1.0,661.0,61.0
2956,train,energy,1.613182544708252,0.56177443,1.0,2302.0,34.0
2957,train,energy,5.017419815063477,0.33135614,1.0,1832.0,9.0
2958,train,energy,5.232553482055664,0.28887755,1.0,817.0,22.0
2959,train,energy,3.494584321975708,3.8169193,0.0,1213.0,6.0
2960,train,energy,4.2425079345703125,1.9239458,0.0,1044.0,31.0
2961,train,energy,3.3353757858276367,0.5515988,1.0,1546.0,48.0
2962,train,energy,2.740917682647705,0.055275485,1.0,1254.0,8.0
2963,train,energy,3.38041353225708,0.08858417,1.0,683.0,38.0
2964,train,energy,2.5234875679016113,3.194805,0.0,1504.0,39.0
2965,train,energy,5.101312160491943,3.7521777,0.0,2057.0,63.0
2966,train,energy,2.7552170753479004,2.1144693,0.0,3389.0,49.0
2967,train,energy,3.1339974403381348,5.411467,0.0,2705.0,27.0
2968,train,energy,4.743710517883301,2.4413013,0.0,2790.0,51.0
2969,train,energy,2.920738935470581,1.6758624,0.0,893.0,53.0
2970,train,energy,6.297041416168213,0.9339498,1.0,130.0,30.0
2971,train,energy,4.957005977630615,2.4348447,0.0,3261.0,50.0
2972,train,energy,2.6163668632507324,2.4012618,0.0,1480.0,6.0
2973,train,energy,2.339630126953125,3.4605727,0.0,2941.0,31.0
2974,train,energy,2.771085739135742,0.3107848,1.0,1586.0,38.0
2975,train,energy,3.93930721282959,1.6871947,0.0,792.0,16.0
2976,train,energy,2.319248914718628,1.9290354,0.0,2698.0,50.0
2977,train,energy,1.0154608488082886,0.726775,1.0,2463.0,41.0
2978,train,energy,9.069718360900879,2.0292957,0.0,1716.0,27.0
2979,train,energy,1.7214773893356323,5.2574306,0.0,1089.0,57.0
2980,train,energy,2.7775535583496094,0.36611918,1.0,2099.0,34.0
2981,train,energy,4.461808204650879,0.5725663,1.0,2692.0,61.0
2982,train,energy,2.8073441982269287,0.8173335,1.0,655.0,9.0
2983,train,energy,5.047964096069336,0.06494306,1.0,2857.0,14.0
2984,train,energy,6.135499954223633,2.9504404,0.0,2573.0,12.0
2985,train,energy,4.792980670928955,0.15586497,1.0,775.0,1.0
2986,train,energy,2.706007242202759,1.4692115,1.0,2781.0,53.0
2987,train,energy,4.068560600280762,2.5566332,0.0,1009.0,58.0
2988,train,energy,6.050656795501709,1.4787967,1.0,2987.0,43.0
2989,train,energy,4.786462783813477,1.9203775,1.0,2926.0,45.0
2990,train,energy,1.7964451313018799,0.7462939,1.0,211.0,23.0
2991,train,energy,4.788405418395996,0.07089228,1.0,289.0,22.0
2992,train,energy,3.551645278930664,0.1769756,1.0,2849.0,29.0
2993,train,energy,1.9442225694656372,2.2110636,0.0,1358.0,60.0
2994,train,energy,1.263033390045166,0.6463668,1.0,1948.0,61.0
2995,train,energy,7.328357696533203,4.677044,0.0,2902.0,59.0
2996,train,energy,2.34810209274292,1.4136487,1.0,2619.0,49.0
2997,train,energy,4.327833652496338,6.4369984,0.0,2178.0,31.0
2998,train,energy,1.8208959102630615,2.2669518,0.0,3484.0,25.0
2999,train,energy,2.627610206604004,7.0419626,0.0,2584.0,57.0
3000,train,energy,4.6531982421875,3.0160542,0.0,2374.0,37.0
3001,train,energy,2.3110790252685547,0.03158409,1.0,1090.0,9.0
3002,train,energy,3.072537660598755,2.9787474,0.0,573.0,48.0
3003,train,energy,2.286806583404541,1.2562598,1.0,3086.0,63.0
3004,train,energy,5.576236248016357,2.5072284,0.0,2164.0,3.0
3005,train,energy,5.100658893585205,0.9627149,1.0,1328.0,10.0
3006,train,energy,7.639115333557129,0.0031086714,1.0,2158.0,56.0
3007,train,energy,2.1509690284729004,2.3294487,0.0,2237.0,40.0
3008,train,energy,8.218101501464844,3.426548,0.0,1509.0,58.0
3009,train,energy,2.802359104156494,0.035732426,1.0,1587.0,14.0
3010,train,energy,3.5152945518493652,0.3434554,1.0,2182.0,16.0
3011,train,energy,2.470283031463623,0.81570846,1.0,1078.0,56.0
3012,train,energy,2.561784505844116,1.8973691,0.0,2357.0,13.0
3013,train,energy,1.7496345043182373,3.4224494,0.0,958.0,42.0
3014,train,energy,2.6263856887817383,4.2263603,0.0,933.0,6.0
3015,train,energy,5.675342082977295,5.3046726e-05,1.0,2045.0,8.0
3016,train,energy,6.364514350891113,3.358973,0.0,2522.0,52.0
3017,train,energy,3.1767425537109375,2.4791791,0.0,2181.0,22.0
3018,train,energy,2.543440818786621,3.0928283,0.0,250.0,39.0
3019,train,energy,1.5757853984832764,0.06715979,1.0,336.0,29.0
3020,train,energy,4.247521877288818,0.09383601,1.0,2050.0,4.0
3021,train,energy,2.469616651535034,4.8262086,0.0,2373.0,59.0
3022,train,energy,3.310783863067627,2.9239748,0.0,2602.0,28.0
3023,train,energy,3.2423484325408936,3.9114985,0.0,2706.0,60.0
3024,train,energy,8.375072479248047,3.7696056,0.0,251.0,51.0
3025,train,energy,2.9175233840942383,3.3555112,0.0,1331.0,53.0
3026,train,energy,2.0375876426696777,1.5923393,0.0,3257.0,49.0
3027,train,energy,3.27113676071167,3.4282076,0.0,2023.0,12.0
3028,train,energy,10.03909683227539,1.8699178,1.0,2892.0,12.0
3029,train,energy,3.4592032432556152,1.1788152,1.0,2616.0,44.0
3030,train,energy,2.3129231929779053,0.79574704,1.0,2111.0,29.0
3031,train,energy,2.8896758556365967,1.7497109,0.0,1930.0,50.0
3032,train,energy,3.552560806274414,1.1254613,1.0,136.0,63.0
3033,train,energy,4.15810489654541,0.32645443,1.0,1957.0,29.0
3034,train,energy,1.5824636220932007,4.4178314,0.0,3004.0,41.0
3035,train,energy,3.069634437561035,2.5162535,0.0,3356.0,6.0
3036,train,energy,2.318368673324585,1.6047053,1.0,1058.0,52.0
3037,train,energy,8.91435432434082,1.4629697,1.0,2358.0,39.0
3038,train,energy,4.258737564086914,2.0572655,0.0,326.0,24.0
3039,train,energy,3.58003306388855,2.4353771,0.0,2797.0,61.0
3040,train,energy,3.646669626235962,1.8872919,0.0,2578.0,27.0
3041,train,energy,3.4088196754455566,3.6085148,0.0,866.0,26.0
3042,train,energy,3.0493578910827637,1.756565,0.0,1766.0,12.0
3043,train,energy,2.3991990089416504,0.021462796,1.0,698.0,29.0
3044,train,energy,2.828050136566162,0.3442043,1.0,2005.0,4.0
3045,train,energy,1.7283530235290527,0.8897561,1.0,3436.0,48.0
3046,train,energy,3.9520325660705566,3.5073197,0.0,1573.0,19.0
3047,train,energy,1.828221321105957,0.12940307,1.0,471.0,9.0
3048,train,energy,2.0910792350769043,1.7085034,0.0,2041.0,10.0
3049,train,energy,3.1011457443237305,4.0658817,0.0,2190.0,58.0
3050,train,energy,3.2070531845092773,1.3119493,0.0,319.0,62.0
3051,train,energy,3.4150338172912598,1.2405268,1.0,2804.0,22.0
3052,train,energy,3.1807315349578857,2.7414865,0.0,1100.0,64.0
3053,train,energy,4.422138690948486,0.12264437,1.0,1971.0,56.0
3054,train,energy,2.346158504486084,0.7485434,1.0,1341.0,16.0
3055,train,energy,2.6401968002319336,0.0046709,1.0,2598.0,18.0
3056,train,energy,2.178356409072876,3.7274032,0.0,2756.0,1.0
3057,train,energy,4.392282485961914,0.0075370236,1.0,962.0,8.0
3058,train,energy,4.839264392852783,4.3387394,0.0,1415.0,38.0
3059,train,energy,6.4394683837890625,0.71547294,1.0,1190.0,41.0
3060,train,energy,6.290245532989502,0.537477,1.0,2994.0,48.0
3061,train,energy,1.7786051034927368,2.9179506,0.0,1545.0,51.0
3062,train,energy,1.7712807655334473,0.10318669,1.0,2504.0,29.0
3063,train,energy,2.8863773345947266,2.6910024,0.0,1212.0,30.0
3064,train,energy,8.732751846313477,1.479244,1.0,469.0,12.0
3065,train,energy,2.7052087783813477,1.249849,1.0,1135.0,28.0
3066,train,energy,4.435796737670898,7.4087076,0.0,3149.0,39.0
3067,train,energy,3.3824191093444824,8.2131824e-05,1.0,852.0,8.0
3068,train,energy,3.147766590118408,1.6831523,0.0,1353.0,51.0
3069,train,energy,1.2711442708969116,0.60042775,1.0,3182.0,15.0
3070,train,energy,1.6922504901885986,2.0645032,0.0,1968.0,11.0
3071,train,energy,5.386310577392578,1.470253,0.0,2094.0,59.0
3072,train,energy,3.5292809009552,0.02114935,1.0,593.0,9.0
3073,train,energy,1.9417685270309448,2.9012814,0.0,2431.0,14.0
3074,train,energy,2.396317481994629,2.1134338,0.0,1947.0,39.0
3075,train,energy,4.403611183166504,0.7584747,1.0,245.0,12.0
3076,train,energy,5.696493148803711,3.2185183,0.0,2655.0,52.0
3077,train,energy,3.3992671966552734,4.799326,0.0,3371.0,24.0
3078,train,energy,3.285341262817383,3.4611382,0.0,1436.0,35.0
3079,train,energy,2.6961307525634766,1.2202964,1.0,3339.0,45.0
3080,train,energy,3.845625877380371,0.18669476,1.0,1340.0,8.0
3081,train,energy,3.323112964630127,1.6681614,0.0,970.0,36.0
3082,train,energy,7.450930118560791,0.92802054,1.0,1889.0,31.0
3083,train,energy,4.5136308670043945,4.043577,0.0,2222.0,49.0
3084,train,energy,3.697244644165039,1.2349039,1.0,2824.0,10.0
3085,train,energy,2.728318214416504,1.4862553,1.0,3448.0,54.0
3086,train,energy,2.451220989227295,0.44315338,1.0,11.0,61.0
3087,train,energy,3.8485937118530273,3.156283,0.0,868.0,56.0
3088,train,energy,2.31834077835083,0.021403056,1.0,423.0,22.0
3089,train,energy,9.02097225189209,0.9623202,1.0,3093.0,64.0
3090,train,energy,3.4366512298583984,1.0827075,1.0,3041.0,53.0
3091,train,energy,4.516355991363525,2.5056572,0.0,199.0,27.0
3092,train,energy,2.8657450675964355,2.501035,0.0,2753.0,32.0
3093,train,energy,3.282607316970825,1.3399569,1.0,1111.0,11.0
3094,train,energy,5.259305953979492,5.481695,0.0,1490.0,0.0
3095,train,energy,4.239267826080322,1.1092501,0.0,831.0,25.0
3096,train,energy,3.7655844688415527,2.0829825,0.0,1700.0,48.0
3097,train,energy,2.494236707687378,0.55592126,1.0,1693.0,1.0
3098,train,energy,1.695692539215088,1.2395293,1.0,1388.0,3.0
3099,train,energy,4.610148906707764,4.988029,0.0,1352.0,1.0
3100,train,energy,3.1241538524627686,3.0376682,0.0,756.0,58.0
3101,train,energy,3.145199775695801,2.90373,0.0,3186.0,50.0
3102,train,energy,2.3512492179870605,2.0921092,0.0,3273.0,56.0
3103,train,energy,3.488934278488159,2.8741958,0.0,1139.0,54.0
3104,train,energy,2.7965149879455566,2.7942786,0.0,1048.0,3.0
3105,train,energy,3.1092004776000977,3.6337783,0.0,2514.0,17.0
3106,train,energy,4.081801891326904,4.2052426,0.0,2792.0,41.0
3107,train,energy,4.184446811676025,2.1435635,0.0,3204.0,57.0
3108,train,energy,2.327996015548706,3.088408,0.0,1376.0,19.0
3109,train,energy,1.946512222290039,2.630121,0.0,2663.0,36.0
3110,train,energy,1.674328327178955,3.2490745,0.0,162.0,0.0
3111,train,energy,2.0310745239257812,4.8747416,0.0,1581.0,47.0
3112,train,energy,3.4689931869506836,3.801083,0.0,2075.0,62.0
3113,train,energy,4.164812088012695,0.5473397,1.0,2545.0,61.0
3114,train,energy,2.7023367881774902,0.9615025,1.0,246.0,27.0
3115,train,energy,1.9008150100708008,1.4083544,0.0,614.0,21.0
3116,train,energy,3.8520922660827637,0.036318194,1.0,2820.0,0.0
3117,train,energy,3.105175018310547,4.0073185,0.0,1551.0,20.0
3118,train,energy,4.060976982116699,3.8755746,0.0,178.0,59.0
3119,train,energy,3.0568575859069824,1.1172323,1.0,1099.0,55.0
3120,train,energy,5.913812160491943,3.8250701,0.0,1051.0,13.0
3121,train,energy,2.4310965538024902,0.30425832,1.0,1940.0,55.0
3122,train,energy,8.23403263092041,2.5439641,0.0,2897.0,28.0
3123,train,energy,4.645665645599365,0.9209548,1.0,2039.0,64.0
3124,train,energy,2.0760867595672607,4.5074844,0.0,1338.0,30.0
3125,train,energy,14.107719421386719,2.4154658,0.0,2007.0,63.0
3126,train,energy,4.04437255859375,1.9265723,0.0,3279.0,14.0
3127,train,energy,4.829562187194824,2.250011,0.0,341.0,45.0
3128,train,energy,2.7599496841430664,0.025374582,1.0,2973.0,38.0
3129,train,energy,2.8303020000457764,2.0716267,0.0,1667.0,26.0
3130,train,energy,2.2591819763183594,3.846159,0.0,939.0,38.0
3131,train,energy,2.7891693115234375,2.1521,0.0,3193.0,36.0
3132,train,energy,3.1472837924957275,3.4889927,0.0,936.0,28.0
3133,train,energy,2.6759276390075684,4.078684,0.0,107.0,14.0
3134,train,energy,7.419727802276611,0.82775927,1.0,1767.0,39.0
3135,train,energy,4.408933639526367,0.21091431,1.0,1897.0,14.0
3136,train,energy,2.828176736831665,1.1881862,0.0,703.0,25.0
3137,train,energy,3.067889928817749,1.4381995,0.0,1056.0,45.0
3138,train,energy,1.7048332691192627,2.476491,0.0,2433.0,54.0
3139,train,energy,3.2436683177948,0.5404992,1.0,687.0,8.0
3140,train,energy,3.3775289058685303,0.033227846,1.0,1939.0,29.0
3141,train,energy,3.692870616912842,1.8675406,1.0,1342.0,3.0
3142,train,energy,2.132615804672241,4.0638494,0.0,2054.0,47.0
3143,train,energy,3.1869261264801025,3.8164072,0.0,2984.0,60.0
3144,train,energy,6.07484245300293,0.0885834,1.0,1837.0,8.0
3145,train,energy,4.463400840759277,0.13637345,1.0,1746.0,22.0
3146,train,energy,3.0092525482177734,0.5571896,1.0,768.0,36.0
3147,train,energy,2.13810396194458,1.7108097,1.0,443.0,60.0
3148,train,energy,2.132296085357666,2.7203312,0.0,468.0,2.0
3149,train,energy,3.5132813453674316,0.0794935,1.0,1980.0,22.0
3150,train,energy,7.876224517822266,2.4236763,0.0,1179.0,54.0
3151,train,energy,1.506626844406128,2.7121415,0.0,2579.0,20.0
3152,train,energy,2.3272597789764404,2.7647886,0.0,1065.0,16.0
3153,train,energy,5.056488513946533,7.464208,0.0,1131.0,11.0
3154,train,energy,4.751987934112549,1.9403639,0.0,351.0,48.0
3155,train,energy,3.198063850402832,4.5276427,0.0,2747.0,50.0
3156,train,energy,4.556170463562012,0.49457076,1.0,1494.0,61.0
3157,train,energy,3.0900168418884277,2.4949641,0.0,38.0,48.0
3158,train,energy,2.2232649326324463,2.8365607,0.0,2103.0,31.0
3159,train,energy,4.86981725692749,1.9212507,0.0,1540.0,6.0
3160,train,energy,4.0507941246032715,1.5918363,0.0,637.0,44.0
3161,train,energy,4.137237548828125,3.7151265,0.0,2185.0,43.0
3162,train,energy,1.7390773296356201,1.18928,1.0,1465.0,27.0
3163,train,energy,2.583345890045166,1.3945117,0.0,3169.0,40.0
3164,train,energy,2.650597095489502,1.8339808,1.0,3237.0,54.0
3165,train,energy,3.9380767345428467,1.7094426,0.0,212.0,7.0
3166,train,energy,2.723525047302246,4.453875,0.0,2170.0,39.0
3167,train,energy,2.445866584777832,0.016592836,1.0,2798.0,18.0
3168,train,energy,4.531952857971191,1.89364,1.0,22.0,33.0
3169,train,energy,3.768660068511963,0.14519273,1.0,819.0,0.0
3170,train,energy,1.9106879234313965,2.524603,0.0,320.0,14.0
3171,train,energy,2.4877843856811523,1.6795912,0.0,3268.0,4.0
3172,train,energy,5.60975980758667,0.67421633,1.0,3148.0,48.0
3173,train,energy,3.8332252502441406,2.3021226,0.0,1471.0,41.0
3174,train,energy,8.569936752319336,3.8233323,0.0,3015.0,38.0
3175,train,energy,5.554835796356201,6.9442835,0.0,3010.0,57.0
3176,train,energy,2.0951077938079834,2.0963552,0.0,1922.0,6.0
3177,train,energy,3.8092041015625,0.021587752,1.0,234.0,9.0
3178,train,energy,2.1439061164855957,5.295451,0.0,3135.0,52.0
3179,train,energy,4.053540229797363,1.3477325,1.0,1515.0,18.0
3180,train,energy,3.507513999938965,0.04478975,1.0,292.0,18.0
3181,train,energy,4.433811664581299,2.684126,0.0,2886.0,5.0
3182,train,energy,4.661376476287842,1.4576329,1.0,1050.0,12.0
3183,train,energy,2.092977523803711,6.943581,0.0,899.0,33.0
3184,train,energy,4.502779960632324,2.6940823,0.0,865.0,57.0
3185,train,energy,4.316673755645752,0.73087364,1.0,1019.0,63.0
3186,train,energy,3.916898012161255,1.5604784,0.0,93.0,24.0
3187,train,energy,2.4376583099365234,3.3021724,0.0,2791.0,28.0
3188,train,energy,1.7846617698669434,3.3846805,0.0,2311.0,9.0
3189,train,energy,3.7438430786132812,2.2702472,1.0,3002.0,43.0
3190,train,energy,4.893613815307617,2.088721,0.0,784.0,35.0
3191,train,energy,3.1406898498535156,3.2355266,0.0,1584.0,43.0
3192,train,energy,1.7934439182281494,3.2912025,0.0,3208.0,38.0
3193,train,energy,4.9081220626831055,2.3394208,0.0,1706.0,54.0
3194,train,energy,4.252373695373535,3.9440687,0.0,1039.0,52.0
3195,train,energy,1.7245243787765503,5.1008577,0.0,1122.0,30.0
3196,train,energy,3.288975477218628,2.517402,0.0,49.0,31.0
3197,train,energy,4.358089447021484,2.6432676,0.0,2524.0,20.0
3198,train,energy,2.5036652088165283,3.0190856,0.0,1854.0,31.0
3199,train,energy,3.165149211883545,1.2182634,0.0,2587.0,10.0
3200,train,energy,2.497485876083374,0.1411319,1.0,2338.0,4.0
3201,train,energy,2.9124133586883545,1.621269,1.0,1223.0,42.0
3202,train,energy,4.019323348999023,0.13403554,1.0,2783.0,8.0
3203,train,energy,2.13797664642334,1.2230756,1.0,3435.0,64.0
3204,train,energy,4.466475486755371,2.5901687,0.0,2577.0,5.0
3205,train,energy,4.9502644538879395,0.44426435,1.0,1224.0,63.0
3206,train,energy,5.382793426513672,5.186027,0.0,495.0,62.0
3207,train,energy,3.076974630355835,1.1958762,1.0,1024.0,6.0
3208,train,energy,2.7233524322509766,1.2668408,0.0,2233.0,48.0
3209,train,energy,3.4020657539367676,0.032673728,1.0,1027.0,8.0
3210,train,energy,3.6820950508117676,5.591524,0.0,2076.0,19.0
3211,train,energy,2.5873069763183594,3.1297603,0.0,1844.0,42.0
3212,train,energy,7.275567531585693,1.3889524,1.0,2218.0,41.0
3213,train,energy,4.74202299118042,0.0067238747,1.0,1010.0,56.0
3214,train,energy,4.517865180969238,3.9651647,0.0,2539.0,13.0
3215,train,energy,2.577883720397949,1.813056,0.0,2515.0,23.0
3216,train,energy,2.8214292526245117,2.0528955,0.0,3141.0,47.0
3217,train,energy,4.675849914550781,2.55307,0.0,2197.0,18.0
3218,train,energy,1.5393431186676025,2.1221526,0.0,0.0,21.0
3219,train,energy,1.7368748188018799,1.0521281,1.0,294.0,30.0
3220,train,energy,4.668135643005371,2.8529074,0.0,828.0,63.0
3221,train,energy,1.5713227987289429,4.453624,0.0,7.0,15.0
3222,train,energy,2.8796753883361816,0.9379351,1.0,2159.0,63.0
3223,train,energy,3.2613654136657715,3.8156223,0.0,3225.0,11.0
3224,train,energy,2.7836802005767822,1.3106315,1.0,340.0,53.0
3225,train,energy,2.315187931060791,1.5242575,1.0,1446.0,30.0
3226,train,energy,2.3533174991607666,2.696516,0.0,1244.0,11.0
3227,train,energy,2.6987617015838623,0.05461438,1.0,1412.0,22.0
3228,train,energy,8.19221305847168,2.9240232,0.0,1787.0,54.0
3229,train,energy,2.5445241928100586,1.8396535,0.0,524.0,61.0
3230,train,energy,1.844505786895752,5.6664934,0.0,2556.0,35.0
3231,train,energy,3.651553153991699,2.3415074,0.0,649.0,44.0
3232,train,energy,2.8868870735168457,2.7769673,0.0,1487.0,51.0
3233,train,energy,4.471255779266357,1.8503374,0.0,3386.0,2.0
3234,train,energy,3.802750587463379,3.1697254,0.0,2707.0,34.0
3235,train,energy,3.3792009353637695,3.1005166,0.0,600.0,6.0
3236,train,energy,1.9002901315689087,0.22246784,1.0,900.0,28.0
3237,train,energy,2.8901686668395996,4.101303,0.0,2742.0,54.0
3238,train,energy,5.38927698135376,0.029886257,1.0,1079.0,29.0
3239,train,energy,4.704584121704102,0.6366522,1.0,1857.0,4.0
3240,train,energy,2.550431251525879,2.39427,0.0,3019.0,13.0
3241,train,energy,3.3971028327941895,1.0713854,1.0,154.0,4.0
3242,train,energy,5.771087646484375,2.3711095,0.0,2887.0,2.0
3243,train,energy,2.6923227310180664,6.339487,0.0,710.0,7.0
3244,train,energy,2.7981457710266113,1.3555794,1.0,1273.0,9.0
3245,train,energy,3.2525718212127686,3.1097069,0.0,2863.0,13.0
3246,train,energy,3.885798931121826,0.5839596,1.0,1589.0,2.0
3247,train,energy,2.4408488273620605,1.2541754,1.0,2893.0,31.0
3248,train,energy,3.9906976222991943,3.0754342,0.0,2114.0,0.0
3249,train,energy,9.370952606201172,2.3888912,0.0,3318.0,19.0
3250,train,energy,4.414304256439209,1.882566,0.0,2533.0,30.0
3251,train,energy,2.3276736736297607,0.33648014,1.0,2548.0,4.0
3252,train,energy,2.057058095932007,1.7838418,1.0,2862.0,61.0
3253,train,energy,2.1732900142669678,1.3591863,0.0,2053.0,4.0
3254,train,energy,3.544584035873413,1.1659024,0.0,2396.0,22.0
3255,train,energy,4.664391040802002,2.462412,0.0,3144.0,50.0
3256,train,energy,8.447072982788086,1.5857016,0.0,2285.0,51.0
3257,train,energy,2.30118465423584,4.1899724,0.0,137.0,38.0
3258,train,energy,2.551466226577759,3.2919216,0.0,1418.0,37.0
3259,train,energy,2.591318368911743,0.266263,1.0,843.0,56.0
3260,train,energy,3.5524377822875977,3.4999123,0.0,798.0,41.0
3261,train,energy,7.665923595428467,1.2967033,1.0,562.0,42.0
3262,train,energy,2.373105049133301,2.8983297,0.0,3082.0,41.0
3263,train,energy,4.013751029968262,3.0754962,0.0,2283.0,28.0
3264,train,energy,2.8686118125915527,0.09854486,1.0,967.0,10.0
3265,train,energy,2.128694534301758,5.3150644,0.0,1960.0,24.0
3266,train,energy,2.4683761596679688,0.43094712,1.0,109.0,4.0
3267,train,energy,3.28922438621521,2.9686399,0.0,2304.0,15.0
3268,train,energy,4.845846176147461,0.41250318,1.0,3124.0,9.0
3269,train,energy,3.0269486904144287,1.2578739,1.0,2818.0,27.0
3270,train,energy,2.1910157203674316,5.2167244,0.0,2271.0,19.0
3271,train,energy,1.94758939743042,3.041966,0.0,2835.0,49.0
3272,train,energy,4.533947944641113,3.144781,0.0,64.0,0.0
3273,train,energy,3.146979808807373,3.8156574,0.0,1516.0,37.0
3274,train,energy,2.5838236808776855,0.24080615,1.0,2056.0,14.0
3275,train,energy,2.1883323192596436,2.898261,0.0,1638.0,48.0
3276,train,energy,2.8153810501098633,5.010958,0.0,563.0,50.0
3277,train,energy,2.0877268314361572,1.6232749,1.0,1894.0,28.0
3278,train,energy,4.613316535949707,3.3468156,0.0,2360.0,31.0
3279,train,energy,2.7606472969055176,2.9094868,0.0,3403.0,59.0
3280,train,energy,4.357066631317139,2.4507504,0.0,417.0,46.0
3281,train,energy,2.1763339042663574,4.628032,0.0,2908.0,38.0
3282,train,energy,6.976973533630371,0.113722324,1.0,1071.0,4.0
3283,train,energy,11.620335578918457,1.0292783,1.0,1275.0,37.0
3284,train,energy,2.9770421981811523,3.0640762,0.0,1295.0,48.0
3285,train,energy,3.318575382232666,1.5972574,0.0,862.0,62.0
3286,train,energy,2.8141584396362305,2.1508884,0.0,2270.0,34.0
3287,train,energy,6.4311652183532715,0.19535321,1.0,2882.0,18.0
3288,train,energy,3.4342057704925537,2.8461976,0.0,2679.0,13.0
3289,train,energy,2.477445125579834,4.5616016,0.0,1814.0,58.0
3290,train,energy,5.7001872062683105,5.417889,0.0,1647.0,20.0
3291,train,energy,7.2177414894104,1.5575228,1.0,1874.0,11.0
3292,train,energy,3.2758355140686035,3.1218996,0.0,988.0,13.0
3293,train,energy,2.095891237258911,0.15438247,1.0,2651.0,22.0
3294,train,energy,3.1098544597625732,1.627994,1.0,516.0,60.0
3295,train,energy,2.7227044105529785,0.11652074,1.0,2012.0,29.0
3296,train,energy,3.8934972286224365,4.585083,0.0,1197.0,29.0
3297,train,energy,3.138401508331299,2.8724384,0.0,2225.0,20.0
3298,train,energy,4.180813789367676,3.4855855,0.0,2689.0,59.0
3299,train,energy,6.675033092498779,2.501502,0.0,758.0,43.0
3300,train,energy,12.07628345489502,1.6732539,1.0,2853.0,48.0
3301,train,energy,3.035614490509033,2.4830852,0.0,313.0,21.0
3302,train,energy,7.379877090454102,4.598579,0.0,40.0,54.0
3303,train,energy,2.5247819423675537,3.242608,0.0,2475.0,18.0
3304,train,energy,4.939234733581543,0.59525573,1.0,3336.0,4.0
3305,train,energy,6.56665563583374,3.3995965,0.0,1172.0,48.0
3306,train,energy,2.0634195804595947,2.5948753,0.0,1668.0,5.0
3307,train,energy,2.9445719718933105,3.0095918,0.0,2866.0,34.0
3308,train,energy,2.020378351211548,2.6832843,0.0,90.0,32.0
3309,train,energy,6.683774948120117,3.0351458,0.0,2960.0,19.0
3310,train,energy,2.542590856552124,0.43231428,1.0,1969.0,44.0
3311,train,energy,1.9049773216247559,0.78932583,1.0,2541.0,26.0
3312,train,energy,2.810534954071045,0.33281833,1.0,2523.0,8.0
3313,train,energy,7.389945983886719,3.4022222,0.0,857.0,64.0
3314,train,energy,3.666987419128418,2.510783,0.0,2684.0,34.0
3315,train,energy,2.420010805130005,0.01260834,1.0,1502.0,0.0
3316,train,energy,9.018223762512207,0.58825064,1.0,1641.0,4.0
3317,train,energy,4.716831207275391,3.3474622,0.0,2252.0,12.0
3318,train,energy,2.9574127197265625,4.329883,0.0,3161.0,36.0
3319,train,energy,4.273423194885254,0.8943329,1.0,1528.0,23.0
3320,train,energy,2.0978081226348877,1.4227821,1.0,3410.0,43.0
3321,train,energy,2.338811159133911,0.022677494,1.0,3022.0,9.0
3322,train,energy,2.7594285011291504,4.158669,0.0,168.0,3.0
3323,train,energy,2.168292999267578,2.0563967,0.0,2000.0,23.0
3324,train,energy,2.735795021057129,0.33442587,1.0,3270.0,4.0
3325,train,energy,4.164543151855469,4.5215626,0.0,387.0,60.0
3326,train,energy,2.7009119987487793,4.74909,0.0,3285.0,28.0
3327,train,energy,1.7033195495605469,2.517032,0.0,371.0,5.0
3328,train,energy,2.5227789878845215,2.0689652,0.0,35.0,26.0
3329,train,energy,3.147897243499756,1.7605257,1.0,1741.0,24.0
3330,train,energy,3.7932801246643066,0.94539785,1.0,579.0,1.0
3331,train,energy,3.257404088973999,2.940916,0.0,3127.0,34.0
3332,train,energy,2.1762797832489014,1.7731252,0.0,3241.0,5.0
3333,train,energy,2.762080192565918,4.0797024,0.0,427.0,6.0
3334,train,energy,3.8128199577331543,1.9520066,0.0,1542.0,14.0
3335,train,energy,2.2689051628112793,1.2767819,1.0,3066.0,3.0
3336,train,energy,2.9969980716705322,3.1498704,0.0,1433.0,18.0
3337,train,energy,3.802788019180298,2.585081,0.0,3256.0,47.0
3338,train,energy,3.374526023864746,3.493034,0.0,269.0,15.0
3339,train,energy,1.6975431442260742,1.7340357,0.0,3000.0,39.0
3340,train,energy,2.5839364528656006,3.6465316,0.0,398.0,15.0
3341,train,energy,3.3117380142211914,2.7270718,0.0,2833.0,46.0
3342,train,energy,1.351987361907959,0.045469914,1.0,1028.0,29.0
3343,train,energy,4.726364612579346,2.516883,0.0,1821.0,0.0
3344,train,energy,3.1191351413726807,3.2011294,0.0,3179.0,2.0
3345,train,energy,2.797412395477295,1.8576888,1.0,3072.0,55.0
3346,train,energy,6.472522258758545,1.1864969,1.0,2476.0,63.0
3347,train,energy,6.151858806610107,1.8441067,0.0,434.0,32.0
3348,train,energy,4.675510883331299,3.4010148,0.0,982.0,49.0
3349,train,energy,2.7954494953155518,1.9825435,0.0,2906.0,57.0
3350,train,energy,5.167522430419922,0.17174706,1.0,1950.0,9.0
3351,train,energy,3.4558193683624268,3.5213258,0.0,259.0,13.0
3352,train,energy,6.408862590789795,1.5843849,1.0,465.0,15.0
3353,train,energy,5.838832378387451,1.0722079,1.0,3.0,61.0
3354,train,energy,3.797274112701416,4.5226297,0.0,724.0,49.0
3355,train,energy,6.145545959472656,1.8532114,1.0,78.0,57.0
3356,train,energy,7.185410976409912,2.806089,0.0,1852.0,51.0
3357,train,energy,3.884124994277954,6.9386997,0.0,1362.0,41.0
3358,train,energy,3.340204954147339,1.9233032,1.0,1022.0,1.0
3359,train,energy,4.923225402832031,2.680051,0.0,2236.0,6.0
3360,train,energy,4.126402854919434,3.0473588,0.0,676.0,3.0
3361,train,energy,3.7261903285980225,2.0121493,0.0,2933.0,42.0
3362,train,energy,2.3495640754699707,1.504146,1.0,1631.0,41.0
3363,train,energy,2.154607057571411,3.180981,0.0,255.0,61.0
3364,train,energy,3.688298463821411,0.005349251,1.0,1411.0,14.0
3365,train,energy,1.4021168947219849,0.14306664,1.0,3264.0,29.0
3366,train,energy,3.5764973163604736,2.5949917,0.0,2286.0,15.0
3367,train,energy,2.399198532104492,4.641797,0.0,2439.0,61.0
3368,train,energy,3.070213794708252,2.6259904,0.0,1838.0,51.0
3369,train,energy,4.1167521476745605,0.6930985,1.0,18.0,55.0
3370,train,energy,5.6050310134887695,4.0178123,0.0,2497.0,46.0
3371,train,energy,2.291013717651367,0.067778125,1.0,1489.0,4.0
3372,train,energy,2.5303988456726074,3.3347626,0.0,1109.0,52.0
3373,train,energy,3.7986223697662354,1.5543175,1.0,909.0,29.0
3374,train,energy,4.439835071563721,2.84965,0.0,1417.0,51.0
3375,train,energy,2.4409799575805664,1.9790345,0.0,3218.0,38.0
3376,train,energy,2.8804683685302734,2.530725,0.0,2129.0,60.0
3377,train,energy,2.9278297424316406,1.521601,1.0,1263.0,30.0
3378,train,energy,4.607698440551758,4.1414995,0.0,2914.0,54.0
3379,train,energy,10.093274116516113,0.10517579,1.0,2981.0,0.0
3380,train,energy,3.48028564453125,2.8941586,0.0,2194.0,55.0
3381,train,energy,1.9827316999435425,5.174617,0.0,3405.0,10.0
3382,train,energy,3.3822996616363525,3.5998201,0.0,1605.0,6.0
3383,train,energy,2.3720664978027344,2.343777,0.0,2669.0,55.0
3384,train,energy,4.020766735076904,0.89557713,1.0,2834.0,2.0
3385,train,energy,4.367279529571533,4.729246,0.0,1695.0,50.0
3386,train,energy,3.524601459503174,1.0297036,1.0,460.0,63.0
3387,train,energy,1.7123247385025024,0.060441613,1.0,1169.0,4.0
3388,train,energy,3.0604724884033203,3.6243036,0.0,949.0,52.0
3389,train,energy,6.883612155914307,1.3043102,1.0,3384.0,62.0
3390,train,energy,3.602353096008301,2.313748,0.0,1873.0,34.0
3391,train,energy,3.083725929260254,0.46322235,1.0,1981.0,28.0
3392,train,energy,2.5218138694763184,3.0508661,0.0,3472.0,48.0
3393,train,energy,5.019776344299316,1.0696785,1.0,2430.0,2.0
3394,train,energy,3.665250062942505,1.0763972,1.0,3379.0,37.0
3395,train,energy,2.8820953369140625,5.028929,0.0,2626.0,41.0
3396,train,energy,5.926560401916504,1.1336282,1.0,1813.0,53.0
3397,train,energy,4.328570365905762,1.3893244,1.0,1851.0,61.0
3398,train,energy,2.723560094833374,3.529913,0.0,1800.0,39.0
3399,train,energy,3.160085678100586,0.4887325,1.0,3378.0,48.0
3400,train,energy,3.509554862976074,0.9395178,1.0,1096.0,60.0
3401,train,energy,1.521820306777954,1.4628808,1.0,640.0,11.0
3402,train,energy,2.202256202697754,4.0485883,0.0,3202.0,55.0
3403,train,energy,3.6977486610412598,1.7577614,0.0,2993.0,44.0
3404,train,energy,5.820597171783447,4.508521,0.0,2224.0,20.0
3405,train,energy,2.254704236984253,2.8521836,0.0,24.0,24.0
3406,train,energy,2.2658629417419434,3.5776484,0.0,3080.0,6.0
3407,train,energy,2.2028274536132812,0.7648125,1.0,2036.0,18.0
3408,train,energy,4.337728977203369,5.1965723,0.0,2021.0,2.0
3409,train,energy,6.028290748596191,0.1455195,1.0,529.0,34.0
3410,train,energy,3.244561195373535,1.4157705,1.0,2458.0,21.0
3411,train,energy,2.5910656452178955,10.345099,0.0,1923.0,23.0
3412,train,energy,2.5129475593566895,2.6933303,0.0,158.0,62.0
3413,train,energy,1.811055302619934,2.0764744,0.0,2888.0,3.0
3414,train,energy,2.2082557678222656,2.6618297,0.0,656.0,5.0
3415,train,energy,2.4491777420043945,0.16687417,1.0,2739.0,56.0
3416,train,energy,2.4004554748535156,3.5184126,0.0,2474.0,53.0
3417,train,energy,1.8983300924301147,3.5110154,0.0,699.0,35.0
3418,train,energy,4.5047807693481445,5.538103,0.0,539.0,40.0
3419,train,energy,2.864447593688965,2.613115,0.0,3407.0,24.0
3420,train,energy,3.8913068771362305,0.21447216,1.0,2711.0,22.0
3421,train,energy,1.9120253324508667,4.4393144,0.0,595.0,61.0
3422,train,energy,3.9333138465881348,2.3489308,0.0,2721.0,57.0
3423,train,energy,2.7516703605651855,0.9843943,1.0,923.0,4.0
3424,train,energy,1.7594289779663086,0.105039395,1.0,1512.0,1.0
3425,train,energy,4.5199503898620605,2.511952,0.0,2066.0,54.0
3426,train,energy,2.630384922027588,3.4238915,0.0,760.0,63.0
3427,train,energy,4.801741123199463,1.3087896,1.0,364.0,64.0
3428,train,energy,4.160526275634766,1.59345,1.0,3439.0,10.0
3429,train,energy,4.2277021408081055,2.436383,0.0,1482.0,23.0
3430,train,energy,5.803773880004883,2.226101,0.0,1657.0,27.0
3431,train,energy,3.831573486328125,4.2841463,0.0,2769.0,46.0
3432,train,energy,5.970836639404297,0.013981727,1.0,1143.0,18.0
3433,train,energy,4.587975978851318,0.396417,1.0,1734.0,1.0
3434,train,energy,5.26794958114624,3.8951588,0.0,1037.0,32.0
3435,train,energy,4.398634433746338,1.7585899,1.0,2671.0,39.0
3436,train,energy,4.528405666351318,0.27595982,1.0,1799.0,41.0
3437,train,energy,2.5851857662200928,2.4443965,0.0,1958.0,50.0
3438,train,energy,6.308037757873535,6.698618,0.0,1602.0,45.0
3439,train,energy,2.070056200027466,1.2195264,0.0,650.0,10.0
3440,train,energy,3.107229232788086,1.5736787,0.0,1475.0,25.0
3441,train,energy,4.383600234985352,0.061354756,1.0,3240.0,4.0
3442,train,energy,7.415952682495117,0.20191066,1.0,1327.0,62.0
3443,train,energy,2.872589111328125,2.503827,0.0,3438.0,41.0
3444,train,energy,2.575744152069092,2.6464183,0.0,2946.0,3.0
3445,train,energy,3.112851619720459,1.5928493,1.0,231.0,48.0
3446,train,energy,2.6357476711273193,1.1437956,1.0,1841.0,32.0
3447,train,energy,9.477837562561035,1.3234688,1.0,3459.0,60.0
3448,train,energy,1.9847053289413452,4.5101676,0.0,835.0,31.0
3449,train,energy,4.03598690032959,3.6737187,0.0,2395.0,15.0
3450,train,energy,2.743311882019043,1.7607687,1.0,518.0,52.0
3451,train,energy,3.1076812744140625,0.15981585,1.0,2695.0,8.0
3452,train,energy,3.6909687519073486,0.054720026,1.0,2083.0,50.0
3453,train,energy,1.9205107688903809,1.3166416,1.0,97.0,32.0
3454,train,energy,2.561805486679077,2.0687954,0.0,3392.0,3.0
3455,train,energy,3.6393587589263916,0.6591652,1.0,2856.0,53.0
3456,train,energy,3.896329879760742,5.3254604,0.0,3181.0,61.0
3457,train,energy,2.1360931396484375,1.8706231,0.0,1702.0,12.0
3458,train,energy,7.222757339477539,2.2238598,0.0,2782.0,15.0
3459,train,energy,3.6167311668395996,0.9165581,1.0,1866.0,11.0
3460,train,energy,3.551814079284668,0.30579084,1.0,633.0,58.0
3461,train,energy,2.7698302268981934,2.5131764,0.0,624.0,27.0
3462,train,energy,4.4565887451171875,2.1223395,1.0,3358.0,47.0
3463,train,energy,3.3668599128723145,4.3847136,0.0,2031.0,12.0
3464,train,energy,2.380613088607788,0.68549657,1.0,1660.0,14.0
3465,train,energy,2.4883065223693848,0.043191392,1.0,201.0,22.0
3466,train,energy,2.1419448852539062,0.85912,1.0,1383.0,41.0
3467,train,energy,3.984926700592041,3.835889,0.0,2676.0,54.0
3468,train,energy,2.4097115993499756,2.1830978,0.0,2081.0,58.0
3469,train,energy,2.588456153869629,2.5139918,0.0,3025.0,20.0
3470,train,energy,3.913529634475708,0.007531108,1.0,1678.0,18.0
3471,train,energy,4.261610984802246,0.6498395,1.0,2378.0,15.0
3472,ind_val,energy,1.2808986902236938,4.2507186,0.0,279.0,51.0
3473,ind_val,energy,3.051849842071533,0.00060492335,1.0,61.0,29.0
3474,ind_val,energy,4.5311784744262695,0.6251176,1.0,264.0,16.0
3475,ind_val,energy,5.218994617462158,1.6251812,1.0,27.0,61.0
3476,ind_val,energy,3.398927688598633,4.262432,0.0,413.0,53.0
3477,ind_val,energy,2.469965934753418,1.268164,1.0,351.0,37.0
3478,ind_val,energy,2.4468462467193604,2.4936256,0.0,328.0,1.0
3479,ind_val,energy,4.973535537719727,3.318408,0.0,170.0,6.0
3480,ind_val,energy,4.449904441833496,1.8671442,0.0,46.0,10.0
3481,ind_val,energy,3.1836776733398438,2.189266,0.0,116.0,20.0
3482,ind_val,energy,2.1337313652038574,0.662577,1.0,239.0,15.0
3483,ind_val,energy,3.5810863971710205,4.256122,0.0,193.0,44.0
3484,ind_val,energy,3.215648889541626,0.39093196,1.0,304.0,45.0
3485,ind_val,energy,4.522348403930664,1.9066918,0.0,407.0,5.0
3486,ind_val,energy,6.642082691192627,5.6053586,0.0,43.0,57.0
3487,ind_val,energy,2.0303549766540527,2.5387568,0.0,219.0,5.0
3488,ind_val,energy,3.4323673248291016,3.0656862,0.0,24.0,54.0
3489,ind_val,energy,3.089998245239258,0.1849818,1.0,225.0,4.0
3490,ind_val,energy,5.6050567626953125,1.3460608,1.0,248.0,31.0
3491,ind_val,energy,1.9074344635009766,0.44699454,1.0,415.0,32.0
3492,ind_val,energy,2.4655873775482178,2.3188086,0.0,173.0,12.0
3493,ind_val,energy,5.784422397613525,1.457974,1.0,95.0,60.0
3494,ind_val,energy,2.7703089714050293,2.5960689,0.0,119.0,1.0
3495,ind_val,energy,5.794851779937744,5.812768,0.0,85.0,38.0
3496,ind_val,energy,7.20559024810791,0.688275,1.0,148.0,34.0
3497,ind_val,energy,3.696390390396118,1.6467483,1.0,81.0,14.0
3498,ind_val,energy,3.673144817352295,2.221422,0.0,391.0,46.0
3499,ind_val,energy,3.1459760665893555,3.9403358,0.0,212.0,63.0
3500,ind_val,energy,1.440252423286438,0.72808,1.0,20.0,47.0
3501,ind_val,energy,4.217281341552734,2.100554,0.0,274.0,22.0
3502,ind_val,energy,2.669600009918213,2.6851158,0.0,3.0,2.0
3503,ind_val,energy,3.756387710571289,1.8319924,0.0,144.0,34.0
3504,ind_val,energy,4.860812187194824,1.915833,0.0,334.0,10.0
3505,ind_val,energy,2.2861571311950684,3.4009485,0.0,125.0,0.0
3506,ind_val,energy,2.802098512649536,7.207901,0.0,102.0,56.0
3507,ind_val,energy,4.461444854736328,0.8660905,1.0,8.0,53.0
3508,ind_val,energy,5.0219807624816895,3.6823306,0.0,131.0,45.0
3509,ind_val,energy,1.9503018856048584,2.5043402,0.0,74.0,47.0
3510,ind_val,energy,3.6831912994384766,0.0077098655,1.0,337.0,8.0
3511,ind_val,energy,2.2780861854553223,0.052392147,1.0,168.0,56.0
3512,ind_val,energy,7.992395401000977,1.9863405,0.0,26.0,30.0
3513,ind_val,energy,4.7340216636657715,0.23197135,1.0,210.0,4.0
3514,ind_val,energy,4.750007152557373,2.1070428,0.0,278.0,27.0
3515,ind_val,energy,3.434490442276001,0.53421074,1.0,151.0,6.0
3516,ind_val,energy,2.5963451862335205,6.1560936,0.0,378.0,51.0
3517,ind_val,energy,3.6015419960021973,6.4922314,0.0,424.0,64.0
3518,ind_val,energy,5.4624128341674805,0.06547065,1.0,374.0,4.0
3519,ind_val,energy,3.7209300994873047,1.0176492,1.0,253.0,50.0
3520,ind_val,energy,2.236833095550537,0.93112445,1.0,268.0,16.0
3521,ind_val,energy,8.051408767700195,2.882533,0.0,398.0,25.0
3522,ind_val,energy,2.670039176940918,3.8738315,0.0,370.0,24.0
3523,ind_val,energy,2.824279546737671,0.21396604,1.0,45.0,9.0
3524,ind_val,energy,2.5094666481018066,3.7820969,0.0,25.0,64.0
3525,ind_val,energy,5.122729301452637,1.4922628,0.0,294.0,36.0
3526,ind_val,energy,3.701789379119873,3.6768308,0.0,307.0,19.0
3527,ind_val,energy,3.4134716987609863,1.6610256,0.0,197.0,50.0
3528,ind_val,energy,2.0509591102600098,5.464853,0.0,265.0,48.0
3529,ind_val,energy,4.050220966339111,3.4322753,0.0,39.0,63.0
3530,ind_val,energy,1.855783462524414,4.3556,0.0,204.0,39.0
3531,ind_val,energy,18.34589958190918,4.36233,0.0,410.0,40.0
3532,ind_val,energy,2.351924419403076,0.45777416,1.0,198.0,18.0
3533,ind_val,energy,3.055307626724243,0.08163682,1.0,382.0,56.0
3534,ind_val,energy,3.195186138153076,2.918993,0.0,128.0,59.0
3535,ind_val,energy,2.4138736724853516,4.1483755,0.0,48.0,27.0
3536,ind_val,energy,1.7797226905822754,7.838807,0.0,182.0,46.0
3537,ind_val,energy,2.992145538330078,0.90178555,1.0,403.0,47.0
3538,ind_val,energy,5.270848751068115,1.0512489,1.0,141.0,10.0
3539,ind_val,energy,2.8040361404418945,2.0965748,0.0,190.0,3.0
3540,ind_val,energy,1.9506351947784424,1.5194508,1.0,44.0,62.0
3541,ind_val,energy,2.175276756286621,2.9411724,0.0,352.0,7.0
3542,ind_val,energy,4.449992656707764,0.57066405,1.0,109.0,4.0
3543,ind_val,energy,7.075623512268066,3.0909133,0.0,427.0,39.0
3544,ind_val,energy,3.2958648204803467,6.26892,0.0,371.0,0.0
3545,ind_val,energy,3.621412754058838,2.267485,0.0,130.0,31.0
3546,ind_val,energy,6.986040115356445,8.564033,0.0,288.0,29.0
3547,ind_val,energy,2.4927494525909424,0.20237745,1.0,146.0,49.0
3548,ind_val,energy,2.904860019683838,4.2133536,0.0,67.0,36.0
3549,ind_val,energy,6.613952159881592,2.9297915,0.0,108.0,19.0
3550,ind_val,energy,2.4526684284210205,0.26307455,1.0,31.0,34.0
3551,ind_val,energy,2.062413215637207,0.1700488,1.0,159.0,44.0
3552,ind_val,energy,3.3590660095214844,4.0691795,0.0,34.0,42.0
3553,ind_val,energy,5.163076400756836,4.2524033,0.0,9.0,5.0
3554,ind_val,energy,2.3555855751037598,3.7932992,0.0,250.0,10.0
3555,ind_val,energy,3.4259305000305176,2.057237,0.0,399.0,56.0
3556,ind_val,energy,4.769681930541992,4.9803324,0.0,143.0,55.0
3557,ind_val,energy,5.411173343658447,1.45936,1.0,14.0,59.0
3558,ind_val,energy,1.8726491928100586,3.8987002,0.0,223.0,39.0
3559,ind_val,energy,4.151987075805664,2.3247206,0.0,37.0,10.0
3560,ind_val,energy,2.593928337097168,3.9449606,0.0,291.0,11.0
3561,ind_val,energy,2.8863039016723633,0.94036674,1.0,314.0,9.0
3562,ind_val,energy,6.324364185333252,0.72277886,1.0,400.0,22.0
3563,ind_val,energy,2.1927525997161865,1.4744349,1.0,57.0,0.0
3564,ind_val,energy,3.6217782497406006,3.7135239,0.0,381.0,34.0
3565,ind_val,energy,7.2620439529418945,2.9326782,0.0,4.0,54.0
3566,ind_val,energy,2.475200653076172,1.2688377,1.0,390.0,14.0
3567,ind_val,energy,1.7716217041015625,3.1017685,0.0,115.0,38.0
3568,ind_val,energy,8.396921157836914,0.52717435,1.0,207.0,56.0
3569,ind_val,energy,1.7147924900054932,0.029461898,1.0,321.0,1.0
3570,ind_val,energy,3.381343364715576,1.9678398,0.0,242.0,11.0
3571,ind_val,energy,3.893662691116333,0.85117203,1.0,213.0,61.0
3572,ind_val,energy,4.107316970825195,1.1291087,1.0,163.0,48.0
3573,ind_val,energy,2.2872583866119385,2.5885859,0.0,318.0,5.0
3574,ind_val,energy,3.6528987884521484,3.9750495,0.0,329.0,3.0
3575,ind_val,energy,3.084252119064331,0.15199961,1.0,66.0,4.0
3576,ind_val,energy,2.4686479568481445,4.4019723,0.0,347.0,10.0
3577,ind_val,energy,3.018906831741333,2.053541,0.0,414.0,27.0
3578,ind_val,energy,6.405362129211426,2.2581656,1.0,94.0,47.0
3579,ind_val,energy,2.559695243835449,1.375805,0.0,47.0,7.0
3580,ind_val,energy,2.4567511081695557,0.32746682,1.0,287.0,0.0
3581,ind_val,energy,5.212141036987305,3.1512709,0.0,276.0,13.0
3582,ind_val,energy,3.1375627517700195,3.5493934,0.0,380.0,48.0
3583,ind_val,energy,7.155299663543701,3.3626988,0.0,408.0,21.0
3584,ind_val,energy,1.7155016660690308,2.987832,0.0,216.0,30.0
3585,ind_val,energy,5.374453544616699,0.35797396,1.0,79.0,8.0
3586,ind_val,energy,20.2943058013916,3.1582112,0.0,426.0,43.0
3587,ind_val,energy,3.836902141571045,0.76947933,1.0,51.0,32.0
3588,ind_val,energy,2.259875535964966,1.3480291,0.0,389.0,7.0
3589,ind_val,energy,4.789507865905762,5.4836123e-06,1.0,303.0,18.0
3590,ind_val,energy,3.302043914794922,4.941227,0.0,317.0,2.0
3591,ind_val,energy,7.621431350708008,3.0185838,0.0,244.0,58.0
3592,ind_val,energy,1.8248203992843628,2.730782,0.0,384.0,60.0
3593,ind_val,energy,2.4359631538391113,5.737192,0.0,386.0,25.0
3594,ind_val,energy,3.0063512325286865,0.7694964,1.0,13.0,61.0
3595,ind_val,energy,1.9669235944747925,1.7480614,1.0,137.0,52.0
3596,ind_val,energy,5.4818010330200195,0.7541182,1.0,29.0,36.0
3597,ind_val,energy,2.920581579208374,4.6665277,0.0,320.0,63.0
3598,ind_val,energy,2.8961572647094727,1.7612709,0.0,417.0,30.0
3599,ind_val,energy,2.165786027908325,1.2852756,1.0,267.0,17.0
3600,ind_val,energy,2.3281195163726807,2.1323743,0.0,260.0,2.0
3601,ind_val,energy,2.9260072708129883,1.7083645,0.0,91.0,60.0
3602,ind_val,energy,2.2510459423065186,1.5413862,1.0,428.0,53.0
3603,ind_val,energy,1.3924596309661865,0.010831374,1.0,40.0,14.0
3604,ind_val,energy,2.3230836391448975,3.5638165,0.0,331.0,2.0
3605,ind_val,energy,2.980532646179199,2.3801534,0.0,92.0,5.0
3606,ind_val,energy,2.4771270751953125,2.857213,0.0,361.0,5.0
3607,ind_val,energy,2.882431983947754,6.9641423,0.0,134.0,38.0
3608,ind_val,energy,2.713724136352539,1.653765,1.0,367.0,50.0
3609,ind_val,energy,3.707573413848877,0.8368622,1.0,310.0,53.0
3610,ind_val,energy,2.6011877059936523,3.0962138,0.0,187.0,62.0
3611,ind_val,energy,2.747809410095215,6.013767,0.0,327.0,25.0
3612,ind_val,energy,2.540675640106201,1.0277785,0.0,126.0,22.0
3613,ind_val,energy,3.585102081298828,5.356586,0.0,326.0,64.0
3614,ind_val,energy,6.19810676574707,4.045602,0.0,312.0,22.0
3615,ind_val,energy,5.7819743156433105,2.4874895,0.0,123.0,3.0
3616,ind_val,energy,3.3195791244506836,2.840642,0.0,258.0,12.0
3617,ind_val,energy,2.025094509124756,0.18922833,1.0,335.0,23.0
3618,ind_val,energy,3.484729290008545,2.9922416,0.0,431.0,6.0
3619,ind_val,energy,5.200368404388428,0.24895613,1.0,145.0,4.0
3620,ind_val,energy,2.327455520629883,0.1266068,1.0,430.0,9.0
3621,ind_val,energy,5.392539978027344,4.6147213,0.0,416.0,55.0
3622,ind_val,energy,2.4921183586120605,2.0240781,0.0,423.0,3.0
3623,ind_val,energy,2.5388593673706055,2.060533,0.0,364.0,50.0
3624,ind_val,energy,3.0333352088928223,3.1930695,0.0,202.0,13.0
3625,ind_val,energy,3.0797784328460693,2.8024256,0.0,344.0,32.0
3626,ind_val,energy,2.6606791019439697,0.1368681,1.0,393.0,18.0
3627,ind_val,energy,3.664907932281494,5.4443226,0.0,333.0,47.0
3628,ind_val,energy,2.8228940963745117,2.2630963,0.0,203.0,13.0
3629,ind_val,energy,3.9101264476776123,2.71553,0.0,153.0,12.0
3630,ind_val,energy,5.953507423400879,2.1413555,0.0,397.0,42.0
3631,ind_val,energy,3.334266424179077,0.56804246,1.0,350.0,29.0
3632,ind_val,energy,1.8993359804153442,0.47155863,1.0,215.0,9.0
3633,ind_val,energy,2.785695791244507,3.0371015,0.0,358.0,19.0
3634,ind_val,energy,4.974179267883301,3.728084,0.0,355.0,11.0
3635,ind_val,energy,3.632263422012329,1.3451589,1.0,362.0,25.0
3636,ind_val,energy,8.16580581665039,0.45965296,1.0,113.0,62.0
3637,ind_val,energy,6.064310550689697,1.6496184,0.0,311.0,7.0
3638,ind_val,energy,4.464369773864746,4.545232,0.0,316.0,63.0
3639,ind_val,energy,6.009462833404541,2.6796272,0.0,164.0,31.0
3640,ind_val,energy,2.576031446456909,2.1319938,0.0,10.0,60.0
3641,ind_val,energy,1.751540184020996,4.811262,0.0,375.0,19.0
3642,ind_val,energy,3.3773741722106934,10.410516,0.0,93.0,61.0
3643,ind_val,energy,2.940538167953491,0.05460264,1.0,285.0,4.0
3644,ind_val,energy,5.656795501708984,0.18953885,1.0,404.0,9.0
3645,ind_val,energy,2.5942790508270264,4.5780306,0.0,50.0,28.0
3646,ind_val,energy,2.8159446716308594,1.5200887,1.0,196.0,38.0
3647,ind_val,energy,1.439185619354248,1.8761578,0.0,305.0,28.0
3648,ind_val,energy,1.958756685256958,3.9049644,0.0,186.0,58.0
3649,ind_val,energy,2.9019577503204346,0.08223266,1.0,73.0,22.0
3650,ind_val,energy,3.5322256088256836,3.360841,0.0,402.0,13.0
3651,ind_val,energy,2.728360891342163,4.9216566,0.0,270.0,1.0
3652,ind_val,energy,1.9474284648895264,2.0671005,0.0,201.0,53.0
3653,ind_val,energy,3.234042167663574,2.0535243,0.0,23.0,56.0
3654,ind_val,energy,3.2277417182922363,3.4856527,0.0,349.0,41.0
3655,ind_val,energy,2.708294153213501,1.4609606,1.0,433.0,6.0
3656,ind_val,energy,3.746854305267334,3.182685,0.0,206.0,13.0
3657,ind_val,energy,3.24674654006958,2.5092926,0.0,434.0,62.0
3658,ind_val,energy,7.198895454406738,0.30223072,1.0,338.0,23.0
3659,ind_val,energy,2.131033420562744,0.034704037,1.0,58.0,8.0
3660,ind_val,energy,3.1067795753479004,2.8867059,0.0,255.0,30.0
3661,ind_val,energy,1.8653641939163208,0.23892546,1.0,181.0,0.0
3662,ind_val,energy,3.0089099407196045,3.935532,0.0,52.0,54.0
3663,ind_val,energy,2.633343458175659,1.333217,1.0,30.0,61.0
3664,ind_val,energy,3.653416633605957,7.8559914,0.0,180.0,12.0
3665,ind_val,energy,8.680254936218262,6.480797,0.0,284.0,50.0
3666,ind_val,energy,2.2384448051452637,3.2883244,0.0,257.0,20.0
3667,ind_val,energy,4.0778889656066895,1.7123985,0.0,0.0,36.0
3668,ind_val,energy,3.549272060394287,0.14598835,1.0,342.0,58.0
3669,ind_val,energy,2.760104179382324,2.7275872,0.0,2.0,35.0
3670,ind_val,energy,2.7334742546081543,2.7349765,0.0,315.0,44.0
3671,ind_val,energy,3.016221046447754,3.4528112,0.0,277.0,27.0
3672,ind_val,energy,5.562998294830322,10.671313,0.0,96.0,41.0
3673,ind_val,energy,8.394190788269043,4.0378485,0.0,308.0,45.0
3674,ind_val,energy,4.581661224365234,3.713739,0.0,309.0,63.0
3675,ind_val,energy,2.9066572189331055,0.017598316,1.0,136.0,0.0
3676,ind_val,energy,3.185102701187134,1.3749423,0.0,241.0,25.0
3677,ind_val,energy,2.6951355934143066,2.2917824,0.0,392.0,59.0
3678,ind_val,energy,3.133310317993164,3.0301492,0.0,366.0,37.0
3679,ind_val,energy,3.0008957386016846,2.4444008,1.0,252.0,5.0
3680,ind_val,energy,2.868248224258423,5.7864604,0.0,149.0,19.0
3681,ind_val,energy,3.041181802749634,3.484148,0.0,353.0,35.0
3682,ind_val,energy,7.590706825256348,1.8555284,1.0,88.0,3.0
3683,ind_val,energy,3.438371181488037,2.1822162,0.0,36.0,14.0
3684,ind_val,energy,1.5293943881988525,3.7145045,0.0,72.0,46.0
3685,ind_val,energy,4.925492286682129,0.4724637,1.0,69.0,4.0
3686,ind_val,energy,3.9866318702697754,3.4669986,0.0,214.0,0.0
3687,ind_val,energy,4.15817403793335,3.8732603,0.0,322.0,28.0
3688,ind_val,energy,2.7689714431762695,1.476791,1.0,405.0,63.0
3689,ind_val,energy,5.900994300842285,0.3044122,1.0,385.0,25.0
3690,ind_val,energy,4.145823001861572,4.507692,0.0,90.0,41.0
3691,ind_val,energy,3.63033390045166,1.3210008,0.0,224.0,25.0
3692,ind_val,energy,2.8014044761657715,7.0422907,0.0,12.0,19.0
3693,ind_val,energy,2.35400390625,6.6011724,0.0,41.0,46.0
3694,ind_val,energy,4.224039554595947,7.5156775,0.0,332.0,10.0
3695,ind_val,energy,2.4954023361206055,1.0440115,1.0,100.0,26.0
3696,ind_val,energy,1.7404781579971313,1.9120052,1.0,7.0,45.0
3697,ind_val,energy,2.787649154663086,2.0707934,0.0,247.0,44.0
3698,ind_val,energy,2.735013008117676,1.5793995,1.0,357.0,49.0
3699,ind_val,energy,6.043221473693848,5.7064347,0.0,84.0,64.0
3700,ind_val,energy,2.8908345699310303,0.7213973,1.0,184.0,36.0
3701,ind_val,energy,2.3594613075256348,0.52631867,1.0,98.0,18.0
3702,ind_val,energy,2.2519259452819824,2.5239882,0.0,105.0,30.0
3703,ind_val,energy,5.244762897491455,1.5876336,0.0,122.0,44.0
3704,ind_val,energy,2.086231231689453,6.554192,0.0,419.0,29.0
3705,ind_val,energy,2.033446788787842,2.2465177,0.0,133.0,9.0
3706,ind_val,energy,3.164116382598877,0.13753833,1.0,282.0,4.0
3707,ind_val,energy,4.5706787109375,2.359183,0.0,107.0,39.0
3708,ind_val,energy,2.9069995880126953,0.7311537,1.0,217.0,55.0
3709,ind_val,energy,3.5650553703308105,1.8996527,0.0,18.0,20.0
3710,ind_val,energy,1.2431395053863525,3.2294436,0.0,175.0,12.0
3711,ind_val,energy,3.583223342895508,3.934328,0.0,150.0,42.0
3712,ind_val,energy,2.1753909587860107,0.9387154,1.0,412.0,39.0
3713,ind_val,energy,2.1870784759521484,0.22982873,1.0,340.0,9.0
3714,ind_val,energy,1.0984091758728027,0.5231303,1.0,222.0,22.0
3715,ind_val,energy,6.068985939025879,2.5493045,0.0,249.0,13.0
3716,ind_val,energy,2.487414836883545,2.0703661,0.0,121.0,6.0
3717,ind_val,energy,5.369178295135498,2.5259943,0.0,22.0,53.0
3718,ind_val,energy,3.401210308074951,2.8258443,0.0,313.0,6.0
3719,ind_val,energy,3.1403539180755615,1.2763112,1.0,21.0,1.0
3720,ind_val,energy,1.5920090675354004,2.9471188,0.0,394.0,3.0
3721,ind_val,energy,2.678520917892456,4.7118354,0.0,345.0,31.0
3722,ind_val,energy,3.720951557159424,1.8774459,0.0,379.0,43.0
3723,ind_val,energy,4.181026935577393,0.6233843,1.0,176.0,25.0
3724,ind_val,energy,3.407611846923828,0.059702497,1.0,373.0,4.0
3725,ind_val,energy,10.600565910339355,3.1676993,0.0,200.0,40.0
3726,ind_val,energy,2.3137402534484863,1.9625409,1.0,78.0,27.0
3727,ind_val,energy,4.816783905029297,2.0800116,0.0,56.0,3.0
3728,ind_val,energy,5.156036376953125,2.440234,0.0,280.0,35.0
3729,ind_val,energy,2.096508026123047,3.2068787,0.0,38.0,35.0
3730,ind_val,energy,2.1163318157196045,0.56557465,1.0,296.0,7.0
3731,ind_val,energy,3.3135762214660645,2.7321842,0.0,135.0,53.0
3732,ind_val,energy,2.506441116333008,4.758771,0.0,15.0,23.0
3733,ind_val,energy,2.6605019569396973,2.9045262,0.0,147.0,27.0
3734,ind_val,energy,1.9831844568252563,0.5274991,1.0,112.0,23.0
3735,ind_val,energy,3.36094069480896,11.060102,0.0,158.0,39.0
3736,ind_val,energy,2.563359022140503,2.902965,0.0,356.0,59.0
3737,ind_val,energy,3.9369924068450928,4.756712,0.0,157.0,34.0
3738,ind_val,energy,4.034719467163086,6.654088,0.0,32.0,53.0
3739,ind_val,energy,2.0960869789123535,0.94115627,0.0,401.0,44.0
3740,ind_val,energy,4.042412757873535,1.7316606,0.0,341.0,13.0
3741,ind_val,energy,5.401225566864014,3.4294248,0.0,65.0,59.0
3742,ind_val,energy,3.589175224304199,5.8392634,0.0,103.0,40.0
3743,ind_val,energy,2.685478687286377,0.6157738,1.0,395.0,2.0
3744,ind_val,energy,5.234786510467529,0.8275729,1.0,236.0,19.0
3745,ind_val,energy,6.0318732261657715,0.61948234,1.0,343.0,63.0
3746,ind_val,energy,3.8802297115325928,5.700334,0.0,411.0,48.0
3747,ind_val,energy,2.0088939666748047,1.6145793,1.0,59.0,5.0
3748,ind_val,energy,2.4472901821136475,0.7799894,1.0,194.0,7.0
3749,ind_val,energy,2.3857479095458984,1.4380348,0.0,166.0,47.0
3750,ind_val,energy,3.2934417724609375,0.30350995,1.0,171.0,61.0
3751,ind_val,energy,2.096287250518799,2.9335594,0.0,229.0,49.0
3752,ind_val,energy,3.0616769790649414,2.3126144,0.0,55.0,10.0
3753,ind_val,energy,3.608450412750244,3.9186134,0.0,298.0,3.0
3754,ind_val,energy,2.512690544128418,2.5392,0.0,75.0,23.0
3755,ind_val,energy,3.1369376182556152,3.5939698,0.0,110.0,23.0
3756,ind_val,energy,1.863572120666504,2.2606695,0.0,191.0,7.0
3757,ind_val,energy,2.2877931594848633,6.7458863,0.0,238.0,16.0
3758,ind_val,energy,3.304452419281006,2.1079571,0.0,114.0,6.0
3759,ind_val,energy,2.0365190505981445,1.4985156,1.0,432.0,10.0
3760,ind_val,energy,1.9898667335510254,7.7781696,0.0,120.0,20.0
3761,ind_val,energy,2.9382731914520264,3.0242739,0.0,429.0,42.0
3762,ind_val,energy,3.2461647987365723,4.7760687,0.0,127.0,1.0
3763,ind_val,energy,2.440505027770996,1.7161726,0.0,266.0,55.0
3764,ind_val,energy,3.1006240844726562,12.001426,0.0,376.0,51.0
3765,ind_val,energy,5.873963356018066,11.154995,0.0,53.0,26.0
3766,ind_val,energy,2.502086877822876,2.8816113,0.0,129.0,18.0
3767,ind_val,energy,4.0145721435546875,6.408911,0.0,346.0,39.0
3768,ind_val,energy,2.691132068634033,0.23976368,1.0,234.0,35.0
3769,ind_val,energy,2.4673755168914795,6.2526975,0.0,246.0,46.0
3770,ind_val,energy,3.2611441612243652,0.43768167,1.0,211.0,36.0
3771,ind_val,energy,0.935125470161438,1.8431405,0.0,368.0,45.0
3772,ind_val,energy,3.428103446960449,3.8249063,0.0,228.0,27.0
3773,ind_val,energy,3.931539535522461,5.865146,0.0,295.0,35.0
3774,ind_val,energy,2.1903603076934814,3.0994427,0.0,325.0,5.0
3775,ind_val,energy,1.8244035243988037,0.57859355,1.0,359.0,55.0
3776,ind_val,energy,2.92431378364563,3.0685825,0.0,251.0,60.0
3777,ind_val,energy,3.6306891441345215,1.1668975,0.0,221.0,28.0
3778,ind_val,energy,7.941658020019531,1.5910385,0.0,365.0,23.0
3779,ind_val,energy,2.1673173904418945,3.4799342,0.0,396.0,50.0
3780,ind_val,energy,3.4117465019226074,4.5455775,0.0,261.0,16.0
3781,ind_val,energy,2.604792594909668,1.1609097,0.0,209.0,50.0
3782,ind_val,energy,5.430431842803955,4.2467213,0.0,232.0,44.0
3783,ind_val,energy,6.049259185791016,7.4840946,0.0,71.0,6.0
3784,ind_val,energy,4.6971001625061035,1.484226,1.0,377.0,47.0
3785,ind_val,energy,2.934128761291504,6.922922,0.0,111.0,59.0
3786,ind_val,energy,2.222929000854492,2.3799653,0.0,218.0,45.0
3787,ind_val,energy,2.724597692489624,6.3329678,0.0,425.0,14.0
3788,ind_val,energy,2.889036178588867,3.4473612,0.0,208.0,36.0
3789,ind_val,energy,5.138149738311768,1.3082249,0.0,283.0,36.0
3790,ind_val,energy,2.3343520164489746,0.828593,1.0,70.0,1.0
3791,ind_val,energy,3.6877129077911377,2.8567066,0.0,245.0,11.0
3792,ind_val,energy,4.502183437347412,0.74819154,1.0,259.0,38.0
3793,ind_val,energy,2.4833245277404785,2.363472,0.0,275.0,52.0
3794,ind_val,energy,2.3318076133728027,2.3229513,0.0,388.0,58.0
3795,ind_val,energy,2.970872163772583,2.270854,0.0,256.0,9.0
3796,ind_val,energy,4.393547534942627,5.321594,0.0,319.0,54.0
3797,ind_val,energy,3.8764305114746094,0.45604524,1.0,418.0,38.0
3798,ind_val,energy,3.9625091552734375,5.997227,0.0,124.0,54.0
3799,ind_val,energy,2.999861001968384,2.1409206,0.0,269.0,62.0
3800,ind_val,energy,3.317265033721924,0.046196055,1.0,97.0,22.0
3801,ind_val,energy,2.503286361694336,1.8917837,1.0,360.0,10.0
3802,ind_val,energy,2.282134532928467,3.7340763,0.0,289.0,59.0
3803,ind_val,energy,2.4238152503967285,2.6532114,0.0,297.0,12.0
3804,ind_val,energy,1.98740553855896,3.0267897,0.0,16.0,59.0
3805,ind_val,energy,3.691781520843506,0.12784962,1.0,262.0,29.0
3806,ind_val,energy,4.742310523986816,4.3820014,0.0,83.0,12.0
3807,ind_val,energy,2.96107816696167,0.12179355,1.0,49.0,8.0
3808,ind_val,energy,7.037640571594238,3.0032582,0.0,165.0,54.0
3809,ind_val,energy,2.348198890686035,0.06009435,1.0,369.0,9.0
3810,ind_val,energy,3.1287002563476562,0.004260155,1.0,63.0,8.0
3811,ind_val,energy,3.4727790355682373,2.8273134,0.0,156.0,60.0
3812,ind_val,energy,5.402207851409912,2.8554192,0.0,140.0,13.0
3813,ind_val,energy,2.9787914752960205,1.4766998,1.0,169.0,53.0
3814,ind_val,energy,14.176069259643555,0.90233296,0.0,101.0,56.0
3815,ind_val,energy,2.716827869415283,1.6037827,0.0,192.0,58.0
3816,ind_val,energy,3.6819915771484375,1.9122967,0.0,286.0,6.0
3817,ind_val,energy,2.8982865810394287,4.452693,0.0,302.0,2.0
3818,ind_val,energy,2.0042994022369385,2.8581202,0.0,300.0,43.0
3819,ind_val,energy,3.1239988803863525,2.2260091,0.0,89.0,14.0
3820,ind_val,energy,2.609978199005127,4.4941983,0.0,227.0,54.0
3821,ind_val,energy,1.678483009338379,1.4479436,1.0,263.0,52.0
3822,ind_val,energy,2.195368528366089,1.3524178,0.0,155.0,41.0
3823,ind_val,energy,3.058690071105957,9.335783,0.0,231.0,52.0
3824,ind_val,energy,1.3258557319641113,2.5684671,0.0,19.0,41.0
3825,ind_val,energy,2.6586358547210693,5.1594276,0.0,372.0,13.0
3826,ind_val,energy,5.667093276977539,3.6756313,0.0,60.0,43.0
3827,ind_val,energy,1.6531453132629395,3.4352713,0.0,139.0,21.0
3828,ind_val,energy,6.339401721954346,1.559934,0.0,281.0,61.0
3829,ind_val,energy,10.145273208618164,2.5183706,0.0,354.0,20.0
3830,ind_val,energy,3.592479944229126,2.652153,0.0,6.0,61.0
3831,ind_val,energy,3.1814751625061035,5.8657427,0.0,435.0,37.0
3832,ind_val,energy,1.6853944063186646,3.5313725,0.0,138.0,57.0
3833,ind_val,energy,2.3942582607269287,0.22126667,1.0,290.0,14.0
3834,ind_val,energy,2.336317539215088,1.7488139,0.0,205.0,44.0
3835,ind_val,energy,4.719903469085693,1.3241724,1.0,28.0,21.0
3836,ind_val,energy,2.3659913539886475,3.477585,0.0,87.0,5.0
3837,ind_val,energy,4.536797046661377,3.1047986,0.0,162.0,48.0
3838,ind_val,energy,3.4357471466064453,0.04289976,1.0,422.0,4.0
3839,ind_val,energy,2.814038038253784,5.0248404,0.0,199.0,2.0
3840,ind_val,energy,2.3845937252044678,0.28156057,1.0,220.0,29.0
3841,ind_val,energy,1.614875316619873,2.0971413,0.0,117.0,21.0
3842,ind_val,energy,4.842065811157227,1.8259261,0.0,323.0,12.0
3843,ind_val,energy,4.970417022705078,4.980403,0.0,330.0,0.0
3844,ind_val,energy,4.014436721801758,5.2762766,0.0,17.0,11.0
3845,ind_val,energy,2.3506484031677246,1.0312847,1.0,230.0,44.0
3846,ind_val,energy,2.3250932693481445,1.8857788,1.0,240.0,31.0
3847,ind_val,energy,3.093055248260498,4.800721,0.0,142.0,19.0
3848,ind_val,energy,3.448000431060791,3.3302364,0.0,77.0,17.0
3849,ind_val,energy,1.6614898443222046,3.638401,0.0,237.0,3.0
3850,ind_val,energy,5.686814308166504,5.2985663,0.0,363.0,63.0
3851,ind_val,energy,3.2238423824310303,2.938501,0.0,35.0,52.0
3852,ind_val,energy,5.579988956451416,0.13142177,1.0,177.0,38.0
3853,ind_val,energy,3.0303869247436523,1.356802,1.0,11.0,0.0
3854,ind_val,energy,3.964092493057251,0.16443163,1.0,272.0,15.0
3855,ind_val,energy,2.802097797393799,3.204361,0.0,62.0,30.0
3856,ind_val,energy,7.340272903442383,4.0370502,0.0,5.0,36.0
3857,ind_val,energy,3.3313472270965576,4.606568,0.0,178.0,5.0
3858,ind_val,energy,2.9898605346679688,2.5201693,0.0,243.0,38.0
3859,ind_val,energy,7.226600170135498,9.864334,0.0,185.0,42.0
3860,ind_val,energy,3.1294145584106445,3.5698833,0.0,301.0,34.0
3861,ind_val,energy,1.646194338798523,6.328646,0.0,293.0,42.0
3862,ind_val,energy,2.5184271335601807,0.9485653,1.0,306.0,50.0
3863,ind_val,energy,3.6883275508880615,2.8504906,0.0,118.0,30.0
3864,ind_val,energy,1.8760406970977783,1.9252405,0.0,68.0,10.0
3865,ind_val,energy,2.225797653198242,3.9110253,0.0,160.0,39.0
3866,ind_val,energy,2.6885318756103516,3.2798443,0.0,324.0,30.0
3867,ind_val,energy,3.343959331512451,2.6524186,0.0,64.0,24.0
3868,ind_val,energy,2.072115421295166,2.4126263,0.0,161.0,31.0
3869,ind_val,energy,2.4020028114318848,3.2862058,0.0,292.0,16.0
3870,ind_val,energy,4.692724227905273,4.407178,0.0,167.0,21.0
3871,ind_val,energy,5.241172790527344,0.96231866,1.0,387.0,62.0
3872,ind_val,energy,2.3169217109680176,4.305484,0.0,42.0,16.0
3873,ind_val,energy,2.6169753074645996,3.1185899,0.0,99.0,42.0
3874,ind_val,energy,2.3213963508605957,0.95338815,1.0,339.0,41.0
3875,ind_val,energy,3.1941046714782715,6.2519464,0.0,189.0,0.0
3876,ind_val,energy,5.067337989807129,3.553732,0.0,299.0,52.0
3877,ind_val,energy,2.051016330718994,2.11897,0.0,195.0,48.0
3878,ind_val,energy,3.0053861141204834,5.248526,0.0,1.0,14.0
3879,ind_val,energy,2.2960665225982666,2.9784808,0.0,420.0,31.0
3880,ind_val,energy,3.075228452682495,4.084927,0.0,104.0,59.0
3881,ind_val,energy,3.112952947616577,1.517559,1.0,226.0,43.0
3882,ind_val,energy,2.855443000793457,1.3512564,1.0,152.0,60.0
3883,ind_val,energy,3.938321590423584,0.21095389,1.0,254.0,9.0
3884,ind_val,energy,5.9069647789001465,1.3814517,1.0,271.0,14.0
3885,ind_val,energy,3.4563512802124023,6.0462356,0.0,132.0,10.0
3886,ind_val,energy,2.453833818435669,2.266573,0.0,80.0,27.0
3887,ind_val,energy,4.631486415863037,6.84392,0.0,76.0,0.0
3888,ind_val,energy,3.172503709793091,3.745328,0.0,421.0,60.0
3889,ind_val,energy,3.1671981811523438,0.15995635,1.0,54.0,56.0
3890,ind_val,energy,3.780629873275757,1.0942277,1.0,33.0,37.0
3891,ind_val,energy,1.3664277791976929,1.8456806,0.0,383.0,34.0
3892,ind_val,energy,2.3730649948120117,2.334267,0.0,106.0,32.0
3893,ind_val,energy,8.974981307983398,1.6690332,0.0,183.0,60.0
3894,ind_val,energy,3.3834376335144043,2.6590168,0.0,154.0,14.0
3895,ind_val,energy,2.7458438873291016,2.9631088,0.0,174.0,42.0
3896,ind_val,energy,3.38970947265625,0.52934927,1.0,86.0,50.0
3897,ind_val,energy,3.8108856678009033,2.3660314,0.0,82.0,54.0
3898,ind_val,energy,7.659607887268066,5.546831,0.0,179.0,28.0
3899,ind_val,energy,3.67498779296875,3.2771225,0.0,406.0,55.0
3900,ind_val,energy,2.5470705032348633,1.0260222,1.0,172.0,64.0
3901,ind_val,energy,2.882693290710449,2.377295,0.0,348.0,41.0
3902,ind_val,energy,4.087645053863525,2.6032329,0.0,273.0,54.0
3903,ind_val,energy,1.8334689140319824,4.390253,0.0,235.0,1.0
3904,ind_test,energy,2.0636260509490967,5.2273884,0.0,89.0,61.0
3905,ind_test,energy,2.309990882873535,3.2899437,0.0,73.0,54.0
3906,ind_test,energy,2.458988666534424,6.8736973,0.0,145.0,56.0
3907,ind_test,energy,5.668191432952881,1.0779308,0.0,237.0,38.0
3908,ind_test,energy,2.8369734287261963,0.6280859,1.0,335.0,26.0
3909,ind_test,energy,4.003623962402344,1.8037319,1.0,233.0,28.0
3910,ind_test,energy,8.93044376373291,1.8569078,0.0,98.0,6.0
3911,ind_test,energy,1.9956989288330078,2.1576653,0.0,149.0,50.0
3912,ind_test,energy,9.49380874633789,1.743802,1.0,310.0,51.0
3913,ind_test,energy,3.1421523094177246,2.3896465,0.0,77.0,48.0
3914,ind_test,energy,2.6762139797210693,3.3523092,0.0,263.0,35.0
3915,ind_test,energy,6.098644256591797,2.4018147,0.0,139.0,0.0
3916,ind_test,energy,1.9461669921875,0.17692895,1.0,70.0,8.0
3917,ind_test,energy,1.6675525903701782,2.5793514,0.0,151.0,44.0
3918,ind_test,energy,3.6106584072113037,3.2620773,0.0,26.0,47.0
3919,ind_test,energy,2.0371038913726807,4.4355125,0.0,90.0,58.0
3920,ind_test,energy,2.0307672023773193,1.7068324,1.0,271.0,31.0
3921,ind_test,energy,2.2087435722351074,4.687851,0.0,203.0,39.0
3922,ind_test,energy,2.611799955368042,1.9798515,0.0,165.0,13.0
3923,ind_test,energy,2.7363834381103516,4.8328385,0.0,134.0,28.0
3924,ind_test,energy,3.9192686080932617,2.9855886,0.0,279.0,5.0
3925,ind_test,energy,2.1189818382263184,0.041017286,1.0,307.0,8.0
3926,ind_test,energy,2.753847122192383,2.2358913,0.0,196.0,12.0
3927,ind_test,energy,3.8780264854431152,9.475817,0.0,235.0,25.0
3928,ind_test,energy,3.799727201461792,1.9566876,1.0,241.0,10.0
3929,ind_test,energy,1.4790512323379517,2.7385552,0.0,305.0,54.0
3930,ind_test,energy,3.407447338104248,2.4236367,0.0,200.0,40.0
3931,ind_test,energy,3.5352783203125,4.6924887,0.0,380.0,30.0
3932,ind_test,energy,2.2408270835876465,2.7003253,0.0,302.0,14.0
3933,ind_test,energy,2.6562438011169434,2.5529966,0.0,36.0,51.0
3934,ind_test,energy,4.232362270355225,2.1118824,0.0,220.0,9.0
3935,ind_test,energy,2.3867344856262207,2.4400353,0.0,199.0,2.0
3936,ind_test,energy,3.344675302505493,4.4749575,0.0,10.0,37.0
3937,ind_test,energy,2.834365129470825,3.5418744,0.0,55.0,22.0
3938,ind_test,energy,2.1333985328674316,4.0704703,0.0,343.0,55.0
3939,ind_test,energy,2.7888591289520264,3.422543,0.0,258.0,32.0
3940,ind_test,energy,6.440919876098633,0.88475746,0.0,24.0,22.0
3941,ind_test,energy,2.617067813873291,3.1073208,0.0,3.0,10.0
3942,ind_test,energy,2.4300537109375,9.077849,0.0,42.0,58.0
3943,ind_test,energy,2.99049711227417,1.7950852,1.0,88.0,44.0
3944,ind_test,energy,3.8474910259246826,3.4203253,0.0,61.0,63.0
3945,ind_test,energy,2.343569755554199,0.001765837,1.0,211.0,18.0
3946,ind_test,energy,1.4302663803100586,0.0036474622,1.0,0.0,29.0
3947,ind_test,energy,1.814982533454895,2.7738373,0.0,352.0,43.0
3948,ind_test,energy,3.1357743740081787,3.9130101,0.0,250.0,31.0
3949,ind_test,energy,1.9796314239501953,2.443804,0.0,246.0,21.0
3950,ind_test,energy,2.056858777999878,5.014687,0.0,157.0,38.0
3951,ind_test,energy,3.1803932189941406,1.6101835,1.0,382.0,53.0
3952,ind_test,energy,2.551530599594116,4.626742,0.0,349.0,18.0
3953,ind_test,energy,4.58982515335083,0.10194253,1.0,425.0,18.0
3954,ind_test,energy,3.0117273330688477,1.4943538,1.0,249.0,3.0
3955,ind_test,energy,4.601866722106934,5.8849425,0.0,313.0,14.0
3956,ind_test,energy,5.441171646118164,4.0411406,0.0,304.0,57.0
3957,ind_test,energy,4.089805603027344,4.0681014,0.0,331.0,56.0
3958,ind_test,energy,3.305454730987549,0.5137887,1.0,173.0,15.0
3959,ind_test,energy,2.8505284786224365,2.1288488,0.0,248.0,30.0
3960,ind_test,energy,7.023565769195557,1.2413274,1.0,373.0,19.0
3961,ind_test,energy,2.8679745197296143,1.2552135,1.0,247.0,34.0
3962,ind_test,energy,1.0229859352111816,2.929522,0.0,419.0,39.0
3963,ind_test,energy,3.406330108642578,1.8816105,0.0,368.0,56.0
3964,ind_test,energy,2.994940757751465,9.565818,0.0,314.0,63.0
3965,ind_test,energy,2.707181453704834,4.5908613,0.0,95.0,15.0
3966,ind_test,energy,3.195019245147705,4.5716815,0.0,96.0,40.0
3967,ind_test,energy,4.603751182556152,4.791492,0.0,228.0,3.0
3968,ind_test,energy,3.145692825317383,1.6660265,0.0,370.0,24.0
3969,ind_test,energy,1.9343804121017456,3.6894884,0.0,130.0,54.0
3970,ind_test,energy,4.390835762023926,1.4215921,0.0,177.0,45.0
3971,ind_test,energy,2.191622257232666,0.11858719,1.0,289.0,9.0
3972,ind_test,energy,2.453697681427002,3.0733058,0.0,124.0,5.0
3973,ind_test,energy,3.2397360801696777,3.207859,0.0,383.0,52.0
3974,ind_test,energy,2.165417194366455,0.018202053,1.0,328.0,8.0
3975,ind_test,energy,2.1217398643493652,4.9860754,0.0,417.0,57.0
3976,ind_test,energy,4.907580375671387,2.8865104,0.0,389.0,51.0
3977,ind_test,energy,7.973066329956055,4.6244063,0.0,308.0,21.0
3978,ind_test,energy,2.962754249572754,1.9836627,0.0,179.0,28.0
3979,ind_test,energy,2.2169716358184814,0.88917947,1.0,242.0,1.0
3980,ind_test,energy,1.7775501012802124,1.3452368,1.0,11.0,47.0
3981,ind_test,energy,2.725895881652832,8.080967,0.0,414.0,55.0
3982,ind_test,energy,2.3467018604278564,2.6935182,0.0,168.0,9.0
3983,ind_test,energy,3.4829955101013184,0.9518453,1.0,161.0,44.0
3984,ind_test,energy,2.5919809341430664,10.815861,0.0,404.0,52.0
3985,ind_test,energy,4.715018272399902,1.9958241,0.0,112.0,56.0
3986,ind_test,energy,2.870349884033203,4.09066,0.0,285.0,37.0
3987,ind_test,energy,4.079297065734863,3.7279463,0.0,209.0,11.0
3988,ind_test,energy,2.102635145187378,0.04556958,1.0,109.0,18.0
3989,ind_test,energy,4.717222213745117,3.2336454,0.0,198.0,60.0
3990,ind_test,energy,3.696052312850952,0.3698642,1.0,43.0,29.0
3991,ind_test,energy,2.5593764781951904,3.4960375,0.0,213.0,28.0
3992,ind_test,energy,2.979722023010254,3.99656,0.0,50.0,38.0
3993,ind_test,energy,10.061454772949219,4.854554,0.0,311.0,33.0
3994,ind_test,energy,2.083695411682129,0.014728035,1.0,81.0,29.0
3995,ind_test,energy,4.350594520568848,2.5475082,0.0,365.0,6.0
3996,ind_test,energy,5.136199951171875,7.0032043,0.0,422.0,26.0
3997,ind_test,energy,3.176877975463867,2.9289079,0.0,107.0,5.0
3998,ind_test,energy,4.418689727783203,1.7292603,1.0,56.0,26.0
3999,ind_test,energy,2.336700201034546,5.614068,0.0,170.0,36.0
4000,ind_test,energy,2.027708053588867,3.2296655,0.0,226.0,47.0
4001,ind_test,energy,2.4907448291778564,1.5376744,0.0,245.0,4.0
4002,ind_test,energy,2.594600200653076,3.0455968,0.0,219.0,48.0
4003,ind_test,energy,4.141594886779785,2.400816,0.0,321.0,10.0
4004,ind_test,energy,2.9954819679260254,3.064896,0.0,424.0,27.0
4005,ind_test,energy,2.275205612182617,0.09630326,1.0,174.0,38.0
4006,ind_test,energy,3.7057299613952637,1.589563,1.0,388.0,4.0
4007,ind_test,energy,2.4713685512542725,3.7462947,0.0,356.0,50.0
4008,ind_test,energy,4.107675552368164,4.284843,0.0,244.0,2.0
4009,ind_test,energy,3.351862907409668,2.694038,0.0,377.0,43.0
4010,ind_test,energy,3.247532606124878,6.8020062,0.0,87.0,42.0
4011,ind_test,energy,4.361496925354004,4.3916273,0.0,384.0,21.0
4012,ind_test,energy,5.099605560302734,3.4699342,0.0,218.0,41.0
4013,ind_test,energy,2.4812397956848145,4.888262,0.0,101.0,6.0
4014,ind_test,energy,1.9575762748718262,5.8512006,0.0,395.0,21.0
4015,ind_test,energy,3.2068586349487305,1.5369182,1.0,97.0,0.0
4016,ind_test,energy,6.814864158630371,1.1392206,1.0,372.0,30.0
4017,ind_test,energy,2.474754810333252,0.6036279,1.0,156.0,49.0
4018,ind_test,energy,6.615536212921143,0.32175076,1.0,143.0,61.0
4019,ind_test,energy,2.90751314163208,2.0418787,0.0,243.0,45.0
4020,ind_test,energy,2.0618491172790527,5.636604,0.0,281.0,9.0
4021,ind_test,energy,4.5954484939575195,3.3707347,0.0,72.0,43.0
4022,ind_test,energy,1.791906714439392,4.769913,0.0,261.0,11.0
4023,ind_test,energy,8.359237670898438,4.100478,0.0,214.0,26.0
4024,ind_test,energy,4.587080955505371,6.145171,0.0,413.0,60.0
4025,ind_test,energy,4.110614776611328,0.10203328,1.0,34.0,4.0
4026,ind_test,energy,3.0674376487731934,3.608501,0.0,39.0,60.0
4027,ind_test,energy,4.061731338500977,3.0693896,0.0,140.0,0.0
4028,ind_test,energy,5.107480049133301,3.8228297,0.0,115.0,24.0
4029,ind_test,energy,2.0832409858703613,6.63305,0.0,62.0,57.0
4030,ind_test,energy,2.1952552795410156,3.5289533,0.0,351.0,41.0
4031,ind_test,energy,8.730100631713867,0.002912924,1.0,257.0,8.0
4032,ind_test,energy,3.1377980709075928,4.2789717,0.0,164.0,60.0
4033,ind_test,energy,1.9565653800964355,0.5009634,1.0,126.0,48.0
4034,ind_test,energy,3.9798035621643066,4.9908323,0.0,114.0,25.0
4035,ind_test,energy,4.923120498657227,1.1968439,1.0,275.0,10.0
4036,ind_test,energy,2.0853042602539062,5.004205,0.0,142.0,41.0
4037,ind_test,energy,4.17872953414917,3.1977558,0.0,407.0,33.0
4038,ind_test,energy,2.1274898052215576,0.4030807,1.0,186.0,7.0
4039,ind_test,energy,2.864628314971924,1.844641,0.0,138.0,23.0
4040,ind_test,energy,2.107011318206787,2.2055116,0.0,83.0,13.0
4041,ind_test,energy,6.928025722503662,3.191842,0.0,379.0,3.0
4042,ind_test,energy,4.030638694763184,3.376367,0.0,376.0,50.0
4043,ind_test,energy,2.5525550842285156,0.05303279,1.0,325.0,4.0
4044,ind_test,energy,4.395382881164551,4.236418,0.0,339.0,11.0
4045,ind_test,energy,2.7833471298217773,0.7591111,1.0,184.0,9.0
4046,ind_test,energy,3.064505100250244,1.6540809,1.0,390.0,64.0
4047,ind_test,energy,4.5667924880981445,2.2491596,0.0,393.0,20.0
4048,ind_test,energy,5.9415106773376465,3.1288576,0.0,40.0,54.0
4049,ind_test,energy,4.50965690612793,5.1002874,0.0,292.0,15.0
4050,ind_test,energy,6.993009567260742,2.4971728,0.0,423.0,28.0
4051,ind_test,energy,4.198539733886719,1.128243,1.0,359.0,48.0
4052,ind_test,energy,2.9423298835754395,2.9796336,0.0,267.0,39.0
4053,ind_test,energy,5.076491832733154,2.1256318,0.0,303.0,38.0
4054,ind_test,energy,1.617518424987793,7.861107,0.0,254.0,31.0
4055,ind_test,energy,2.6670970916748047,2.1718037,0.0,129.0,7.0
4056,ind_test,energy,2.462341547012329,2.14228,0.0,53.0,57.0
4057,ind_test,energy,4.0458550453186035,3.6720226,0.0,193.0,32.0
4058,ind_test,energy,2.1187610626220703,4.203184,0.0,402.0,23.0
4059,ind_test,energy,3.91916561126709,3.0860744,0.0,158.0,38.0
4060,ind_test,energy,2.4991939067840576,2.9421778,0.0,330.0,43.0
4061,ind_test,energy,2.4500112533569336,6.206213,0.0,433.0,46.0
4062,ind_test,energy,3.0683178901672363,3.4118185,0.0,35.0,40.0
4063,ind_test,energy,2.0278258323669434,4.484956,0.0,277.0,12.0
4064,ind_test,energy,4.034079551696777,0.759714,1.0,286.0,63.0
4065,ind_test,energy,2.7759180068969727,1.8735687,0.0,183.0,16.0
4066,ind_test,energy,3.579740047454834,1.0276955,1.0,167.0,18.0
4067,ind_test,energy,3.095099687576294,0.64038515,1.0,64.0,29.0
4068,ind_test,energy,8.618813514709473,5.697359,0.0,326.0,37.0
4069,ind_test,energy,5.381047248840332,0.74360394,1.0,13.0,46.0
4070,ind_test,energy,7.40272331237793,1.7762176,0.0,118.0,53.0
4071,ind_test,energy,2.970384359359741,3.4687226,0.0,411.0,63.0
4072,ind_test,energy,1.7310636043548584,3.2263675,0.0,163.0,64.0
4073,ind_test,energy,3.0894827842712402,0.9038265,1.0,9.0,61.0
4074,ind_test,energy,2.8323898315429688,0.8534112,1.0,291.0,25.0
4075,ind_test,energy,2.521087408065796,4.432895,0.0,119.0,46.0
4076,ind_test,energy,2.175126552581787,3.1453733,0.0,67.0,53.0
4077,ind_test,energy,8.197273254394531,3.5923944,0.0,403.0,56.0
4078,ind_test,energy,2.6887378692626953,1.5325353,0.0,391.0,26.0
4079,ind_test,energy,4.036093711853027,1.358349,1.0,85.0,42.0
4080,ind_test,energy,2.723088502883911,0.89461994,0.0,2.0,7.0
4081,ind_test,energy,3.0512797832489014,4.583094,0.0,426.0,15.0
4082,ind_test,energy,2.5288949012756348,1.430215,1.0,251.0,62.0
4083,ind_test,energy,3.1801371574401855,2.4917893,0.0,137.0,3.0
4084,ind_test,energy,3.1721482276916504,0.0009151085,1.0,33.0,8.0
4085,ind_test,energy,2.858956813812256,2.978963,0.0,60.0,64.0
4086,ind_test,energy,3.169020175933838,4.9121494,0.0,12.0,30.0
4087,ind_test,energy,1.8310563564300537,3.583209,0.0,297.0,21.0
4088,ind_test,energy,1.70392644405365,0.7694174,1.0,418.0,1.0
4089,ind_test,energy,1.7446904182434082,3.5296721,0.0,187.0,0.0
4090,ind_test,energy,3.020120859146118,3.57719,0.0,273.0,35.0
4091,ind_test,energy,2.483694076538086,6.6788235,0.0,18.0,52.0
4092,ind_test,energy,3.6990530490875244,2.5456748,0.0,222.0,21.0
4093,ind_test,energy,4.38326358795166,1.9691722,0.0,354.0,26.0
4094,ind_test,energy,10.97872543334961,3.3553567,0.0,128.0,26.0
4095,ind_test,energy,3.6243886947631836,0.7369316,1.0,338.0,4.0
4096,ind_test,energy,5.578741073608398,3.9246008,0.0,363.0,2.0
4097,ind_test,energy,3.5927023887634277,5.21631,0.0,434.0,54.0
4098,ind_test,energy,6.826950550079346,5.428221,0.0,378.0,11.0
4099,ind_test,energy,1.5575792789459229,0.2103091,1.0,148.0,8.0
4100,ind_test,energy,2.672471046447754,1.9457445,1.0,215.0,39.0
4101,ind_test,energy,7.159012794494629,1.5243171,0.0,364.0,50.0
4102,ind_test,energy,2.2524209022521973,3.0850642,0.0,296.0,48.0
4103,ind_test,energy,3.2105417251586914,7.913091,0.0,232.0,51.0
4104,ind_test,energy,2.9658350944519043,2.172841,0.0,100.0,64.0
4105,ind_test,energy,7.390488624572754,1.8227208,1.0,355.0,31.0
4106,ind_test,energy,2.3511011600494385,1.3043262,1.0,146.0,63.0
4107,ind_test,energy,4.6399312019348145,0.6912116,1.0,381.0,41.0
4108,ind_test,energy,3.469888210296631,0.79912037,1.0,188.0,42.0
4109,ind_test,energy,4.449958801269531,2.584437,0.0,259.0,64.0
4110,ind_test,energy,3.058000087738037,5.858544,0.0,78.0,1.0
4111,ind_test,energy,2.8587422370910645,3.4998503,0.0,189.0,41.0
4112,ind_test,energy,3.618718385696411,0.7248984,1.0,202.0,53.0
4113,ind_test,energy,1.8531404733657837,4.628423,0.0,197.0,52.0
4114,ind_test,energy,1.8430800437927246,1.1717938,1.0,102.0,34.0
4115,ind_test,energy,2.3509795665740967,5.1785917,0.0,282.0,56.0
4116,ind_test,energy,3.711042881011963,5.3772078,0.0,341.0,27.0
4117,ind_test,energy,2.2601797580718994,4.306937,0.0,106.0,59.0
4118,ind_test,energy,4.369041442871094,0.06190957,1.0,406.0,56.0
4119,ind_test,energy,2.4940526485443115,3.2261093,0.0,400.0,6.0
4120,ind_test,energy,4.056120872497559,4.714884,0.0,108.0,57.0
4121,ind_test,energy,3.9278981685638428,3.906067,0.0,399.0,31.0
4122,ind_test,energy,4.954034328460693,0.31563357,1.0,353.0,21.0
4123,ind_test,energy,2.806795120239258,4.7476315,0.0,340.0,1.0
4124,ind_test,energy,3.643108367919922,2.4374084,0.0,160.0,54.0
4125,ind_test,energy,2.9905104637145996,3.3648343,0.0,32.0,20.0
4126,ind_test,energy,9.14402961730957,2.001402,0.0,19.0,28.0
4127,ind_test,energy,3.6590828895568848,0.9118139,1.0,334.0,10.0
4128,ind_test,energy,2.4466629028320312,4.0560393,0.0,345.0,21.0
4129,ind_test,energy,3.174126386642456,1.5571773,0.0,265.0,53.0
4130,ind_test,energy,2.753005027770996,1.1814132,1.0,7.0,63.0
4131,ind_test,energy,3.124357223510742,3.3231091,0.0,54.0,20.0
4132,ind_test,energy,2.7443153858184814,3.9027555,0.0,195.0,26.0
4133,ind_test,energy,2.339292049407959,4.239106,0.0,51.0,30.0
4134,ind_test,energy,3.142678737640381,6.135844,0.0,20.0,17.0
4135,ind_test,energy,3.799145221710205,0.89080167,0.0,94.0,34.0
4136,ind_test,energy,2.8829948902130127,6.1229024,0.0,396.0,33.0
4137,ind_test,energy,4.707996845245361,0.2658804,1.0,41.0,58.0
4138,ind_test,energy,4.05235481262207,2.6967509,0.0,52.0,55.0
4139,ind_test,energy,2.764496088027954,0.20492905,1.0,121.0,1.0
4140,ind_test,energy,1.9372605085372925,2.1931791,1.0,385.0,3.0
4141,ind_test,energy,2.4682579040527344,3.4744868,0.0,22.0,16.0
4142,ind_test,energy,2.218801498413086,4.50381,0.0,260.0,32.0
4143,ind_test,energy,4.991253852844238,0.8454261,1.0,415.0,32.0
4144,ind_test,energy,2.8441600799560547,0.025381323,1.0,57.0,29.0
4145,ind_test,energy,2.2780861854553223,3.7480893,0.0,431.0,32.0
4146,ind_test,energy,2.1720666885375977,5.526357,0.0,205.0,3.0
4147,ind_test,energy,4.725415229797363,5.3402953,0.0,99.0,28.0
4148,ind_test,energy,4.098618507385254,3.1760485,0.0,412.0,52.0
4149,ind_test,energy,9.182440757751465,2.962293,0.0,59.0,12.0
4150,ind_test,energy,3.034444808959961,1.1677332,1.0,74.0,51.0
4151,ind_test,energy,2.745973587036133,0.181272,1.0,236.0,18.0
4152,ind_test,energy,5.6836090087890625,1.1385925,0.0,315.0,6.0
4153,ind_test,energy,4.05645227432251,0.0099205775,1.0,37.0,18.0
4154,ind_test,energy,3.515509605407715,2.4502275,0.0,268.0,60.0
4155,ind_test,energy,1.7364741563796997,0.038694642,1.0,336.0,9.0
4156,ind_test,energy,4.3910813331604,4.011814,0.0,25.0,30.0
4157,ind_test,energy,6.965864658355713,0.9169802,1.0,256.0,7.0
4158,ind_test,energy,3.1282401084899902,2.069518,0.0,113.0,22.0
4159,ind_test,energy,4.766353130340576,1.8631792,0.0,38.0,56.0
4160,ind_test,energy,5.705558776855469,5.0254397,0.0,323.0,27.0
4161,ind_test,energy,2.0240559577941895,3.3003483,0.0,48.0,28.0
4162,ind_test,energy,3.0975682735443115,2.8560412,0.0,131.0,21.0
4163,ind_test,energy,5.000644683837891,3.5844746,0.0,278.0,46.0
4164,ind_test,energy,2.394617795944214,11.021451,0.0,44.0,17.0
4165,ind_test,energy,4.2869486808776855,6.8596373,0.0,420.0,57.0
4166,ind_test,energy,1.6032209396362305,1.2360524,1.0,127.0,49.0
4167,ind_test,energy,2.789381504058838,2.0324485,0.0,240.0,32.0
4168,ind_test,energy,8.298611640930176,3.3984685,0.0,301.0,7.0
4169,ind_test,energy,2.106661796569824,1.3331175,0.0,154.0,42.0
4170,ind_test,energy,1.2881993055343628,9.002624,0.0,319.0,57.0
4171,ind_test,energy,3.0166263580322266,1.171341,1.0,387.0,31.0
4172,ind_test,energy,3.5917234420776367,1.1266918,1.0,312.0,1.0
4173,ind_test,energy,5.933143138885498,2.6819234,0.0,306.0,12.0
4174,ind_test,energy,4.131763458251953,1.8214893,0.0,329.0,18.0
4175,ind_test,energy,2.956106662750244,6.5309916,0.0,344.0,37.0
4176,ind_test,energy,1.9433162212371826,2.7562294,0.0,371.0,0.0
4177,ind_test,energy,3.245955467224121,3.39651,0.0,178.0,12.0
4178,ind_test,energy,2.329702377319336,2.4387455,0.0,238.0,1.0
4179,ind_test,energy,3.7954835891723633,4.3851824,0.0,71.0,19.0
4180,ind_test,energy,1.2814383506774902,2.1898894,0.0,264.0,32.0
4181,ind_test,energy,5.208174228668213,0.038690742,1.0,216.0,22.0
4182,ind_test,energy,4.258737564086914,0.48673993,1.0,208.0,4.0
4183,ind_test,energy,2.9011435508728027,3.3937318,0.0,144.0,45.0
4184,ind_test,energy,6.270470142364502,4.370991,0.0,367.0,53.0
4185,ind_test,energy,5.40162467956543,2.7167857,0.0,239.0,20.0
4186,ind_test,energy,1.992689609527588,2.2205563,0.0,16.0,32.0
4187,ind_test,energy,5.236850261688232,6.8463917,0.0,133.0,55.0
4188,ind_test,energy,1.5951080322265625,0.0113838175,1.0,69.0,9.0
4189,ind_test,energy,2.791701555252075,4.3549047,0.0,86.0,36.0
4190,ind_test,energy,4.825149059295654,0.00014733183,1.0,320.0,18.0
4191,ind_test,energy,2.30912184715271,0.6965947,1.0,309.0,34.0
4192,ind_test,energy,3.56731915473938,5.390401,0.0,27.0,15.0
4193,ind_test,energy,2.9102401733398438,0.6450486,1.0,231.0,48.0
4194,ind_test,energy,5.0961809158325195,3.0045686,0.0,342.0,2.0
4195,ind_test,energy,2.7125377655029297,3.2836664,0.0,152.0,52.0
4196,ind_test,energy,2.3165459632873535,1.6983478,0.0,103.0,17.0
4197,ind_test,energy,3.082463026046753,9.017522,0.0,31.0,24.0
4198,ind_test,energy,2.958479881286621,2.83439,0.0,234.0,54.0
4199,ind_test,energy,1.91740083694458,3.1117344,0.0,162.0,15.0
4200,ind_test,energy,6.004312038421631,2.6022015,0.0,92.0,4.0
4201,ind_test,energy,4.410312652587891,2.5170379,0.0,430.0,45.0
4202,ind_test,energy,3.9370696544647217,3.2340293,0.0,8.0,47.0
4203,ind_test,energy,1.9250468015670776,1.2587711,1.0,4.0,17.0
4204,ind_test,energy,2.631734609603882,4.565342,0.0,274.0,15.0
4205,ind_test,energy,7.635560035705566,0.0028645457,1.0,84.0,0.0
4206,ind_test,energy,3.80316424369812,3.3319974,0.0,192.0,58.0
4207,ind_test,energy,2.7566285133361816,0.006190886,1.0,6.0,22.0
4208,ind_test,energy,2.363731622695923,3.1250436,0.0,362.0,18.0
4209,ind_test,energy,2.269887685775757,1.450725,0.0,225.0,55.0
4210,ind_test,energy,5.528156757354736,2.7825003,0.0,117.0,59.0
4211,ind_test,energy,5.102603912353516,3.9276948,0.0,346.0,43.0
4212,ind_test,energy,3.3431167602539062,1.947615,0.0,172.0,48.0
4213,ind_test,energy,3.387749195098877,0.42792153,1.0,23.0,61.0
4214,ind_test,energy,2.7429704666137695,0.24320886,1.0,190.0,31.0
4215,ind_test,energy,3.7456984519958496,4.206442,0.0,360.0,58.0
4216,ind_test,energy,2.9820961952209473,3.252928,0.0,201.0,19.0
4217,ind_test,energy,2.9179465770721436,1.9018614,1.0,337.0,43.0
4218,ind_test,energy,1.3882149457931519,1.7304577,1.0,435.0,61.0
4219,ind_test,energy,2.7396697998046875,2.473206,0.0,159.0,13.0
4220,ind_test,energy,2.188282012939453,2.2579756,1.0,333.0,30.0
4221,ind_test,energy,6.560969829559326,0.73024875,1.0,295.0,62.0
4222,ind_test,energy,5.149582386016846,2.3609533,0.0,262.0,62.0
4223,ind_test,energy,2.9982640743255615,0.0318623,1.0,80.0,29.0
4224,ind_test,energy,1.8350903987884521,0.13515638,1.0,210.0,14.0
4225,ind_test,energy,1.7150170803070068,1.2719213,1.0,409.0,15.0
4226,ind_test,energy,2.9547340869903564,0.24065857,1.0,272.0,4.0
4227,ind_test,energy,2.424147605895996,2.165766,0.0,68.0,61.0
4228,ind_test,energy,3.066154956817627,3.9645767,0.0,270.0,21.0
4229,ind_test,energy,2.392092704772949,0.73674196,1.0,135.0,1.0
4230,ind_test,energy,2.1930649280548096,0.14350037,1.0,194.0,22.0
4231,ind_test,energy,3.954237937927246,0.034326643,1.0,30.0,8.0
4232,ind_test,energy,1.5537601709365845,2.2554612,0.0,255.0,5.0
4233,ind_test,energy,1.341569423675537,2.5725784,0.0,327.0,49.0
4234,ind_test,energy,2.569063901901245,3.9610376,0.0,147.0,48.0
4235,ind_test,energy,4.9954423904418945,4.7286325,0.0,76.0,21.0
4236,ind_test,energy,2.185784339904785,1.0927037,1.0,427.0,62.0
4237,ind_test,energy,5.218039035797119,1.4607402,1.0,405.0,50.0
4238,ind_test,energy,5.414658069610596,2.2751274,0.0,408.0,37.0
4239,ind_test,energy,5.356574535369873,3.6606622,0.0,132.0,57.0
4240,ind_test,energy,2.16835355758667,7.22007,0.0,300.0,49.0
4241,ind_test,energy,1.892930507659912,4.994921,0.0,394.0,16.0
4242,ind_test,energy,2.4642109870910645,2.9949806,0.0,14.0,3.0
4243,ind_test,energy,6.451969146728516,6.3190947,0.0,347.0,44.0
4244,ind_test,energy,3.2585813999176025,2.4912677,0.0,318.0,1.0
4245,ind_test,energy,2.4063594341278076,2.8957577,0.0,58.0,6.0
4246,ind_test,energy,5.242500305175781,7.912142,0.0,230.0,29.0
4247,ind_test,energy,9.61467456817627,2.0294373,0.0,421.0,32.0
4248,ind_test,energy,2.298955202102661,5.263138,0.0,374.0,20.0
4249,ind_test,energy,7.5110764503479,5.1535554,0.0,155.0,52.0
4250,ind_test,energy,3.360114336013794,1.8737859,1.0,28.0,50.0
4251,ind_test,energy,2.599825382232666,1.9329044,0.0,276.0,14.0
4252,ind_test,energy,1.6625853776931763,2.9283638,0.0,105.0,28.0
4253,ind_test,energy,1.6769919395446777,1.0889292,1.0,49.0,34.0
4254,ind_test,energy,3.066852569580078,4.552561,0.0,111.0,11.0
4255,ind_test,energy,4.008180141448975,9.039467,0.0,47.0,61.0
4256,ind_test,energy,2.12973952293396,2.3613377,0.0,91.0,15.0
4257,ind_test,energy,1.5938869714736938,2.6487389,0.0,150.0,3.0
4258,ind_test,energy,2.880268096923828,2.3267112,0.0,288.0,29.0
4259,ind_test,energy,3.361079692840576,4.442795,0.0,110.0,20.0
4260,ind_test,energy,2.0436997413635254,2.14038,0.0,169.0,62.0
4261,ind_test,energy,5.132619380950928,3.1579683,0.0,357.0,33.0
4262,ind_test,energy,3.7908477783203125,0.8654977,1.0,416.0,8.0
4263,ind_test,energy,5.664246559143066,3.4008799,0.0,287.0,16.0
4264,ind_test,energy,2.3795132637023926,2.8173027,0.0,361.0,39.0
4265,ind_test,energy,2.85722279548645,4.235489,0.0,299.0,2.0
4266,ind_test,energy,12.317112922668457,0.87008154,1.0,392.0,48.0
4267,ind_test,energy,2.563436985015869,0.49852574,1.0,369.0,23.0
4268,ind_test,energy,9.096856117248535,0.19202243,1.0,1.0,9.0
4269,ind_test,energy,2.145786762237549,4.104521,0.0,29.0,51.0
4270,ind_test,energy,2.310793161392212,4.823788,0.0,175.0,10.0
4271,ind_test,energy,3.922487497329712,2.0914004,0.0,324.0,61.0
4272,ind_test,energy,6.346865653991699,3.6558409,0.0,401.0,41.0
4273,ind_test,energy,3.0855154991149902,2.8548956,0.0,317.0,17.0
4274,ind_test,energy,4.086052417755127,0.2087688,1.0,93.0,4.0
4275,ind_test,energy,2.042999267578125,0.19666149,1.0,280.0,25.0
4276,ind_test,energy,3.2368764877319336,5.7683015,0.0,366.0,35.0
4277,ind_test,energy,2.4117259979248047,8.617582,0.0,253.0,11.0
4278,ind_test,energy,2.611783027648926,3.8263247,0.0,284.0,37.0
4279,ind_test,energy,3.3391714096069336,0.446882,1.0,181.0,49.0
4280,ind_test,energy,5.372837066650391,6.061507,0.0,293.0,17.0
4281,ind_test,energy,3.659057140350342,3.61184,0.0,227.0,5.0
4282,ind_test,energy,4.1279988288879395,0.96384656,1.0,229.0,60.0
4283,ind_test,energy,5.413296699523926,3.9331694,0.0,386.0,30.0
4284,ind_test,energy,6.985795497894287,2.5385475,0.0,398.0,31.0
4285,ind_test,energy,2.891944646835327,2.6205516,0.0,397.0,36.0
4286,ind_test,energy,3.4980649948120117,1.677675,1.0,294.0,46.0
4287,ind_test,energy,2.349708318710327,0.98587775,1.0,432.0,1.0
4288,ind_test,energy,3.3314146995544434,4.822808,0.0,185.0,11.0
4289,ind_test,energy,2.0494182109832764,3.1618743,0.0,212.0,31.0
4290,ind_test,energy,2.743746757507324,0.23255688,1.0,65.0,1.0
4291,ind_test,energy,2.014035701751709,2.162505,1.0,82.0,11.0
4292,ind_test,energy,2.16658878326416,6.9417877,0.0,224.0,20.0
4293,ind_test,energy,1.2867553234100342,0.6173246,1.0,266.0,1.0
4294,ind_test,energy,2.434418201446533,1.0473667,0.0,63.0,62.0
4295,ind_test,energy,3.2329320907592773,2.179365,0.0,316.0,41.0
4296,ind_test,energy,3.6051619052886963,0.82649845,1.0,217.0,9.0
4297,ind_test,energy,3.068371057510376,2.18014,0.0,66.0,60.0
4298,ind_test,energy,2.5716750621795654,2.2244253,0.0,206.0,2.0
4299,ind_test,energy,5.1175665855407715,1.1382252,1.0,171.0,21.0
4300,ind_test,energy,2.3506276607513428,0.90816927,1.0,166.0,63.0
4301,ind_test,energy,2.2648797035217285,2.5054002,0.0,116.0,23.0
4302,ind_test,energy,3.39739727973938,0.05759791,1.0,21.0,22.0
4303,ind_test,energy,2.031079053878784,2.8930738,0.0,332.0,37.0
4304,ind_test,energy,2.3204023838043213,1.8990614,0.0,298.0,61.0
4305,ind_test,energy,2.998551845550537,3.2508602,0.0,176.0,58.0
4306,ind_test,energy,1.8718864917755127,0.991938,1.0,46.0,8.0
4307,ind_test,energy,6.856786727905273,2.2453995,0.0,136.0,30.0
4308,ind_test,energy,2.800909996032715,1.1196514,1.0,322.0,47.0
4309,ind_test,energy,3.1156301498413086,1.2085102,1.0,5.0,51.0
4310,ind_test,energy,4.644308090209961,2.7411933,0.0,125.0,14.0
4311,ind_test,energy,3.368086576461792,2.4617636,0.0,141.0,43.0
4312,ind_test,energy,2.3770675659179688,0.0020587696,1.0,221.0,18.0
4313,ind_test,energy,4.445883750915527,3.3802223,0.0,358.0,37.0
4314,ind_test,energy,4.976899147033691,1.8675059,0.0,207.0,29.0
4315,ind_test,energy,9.489867210388184,2.4695597,0.0,182.0,54.0
4316,ind_test,energy,1.9707313776016235,2.2636173,0.0,17.0,13.0
4317,ind_test,energy,1.9555226564407349,6.930255,0.0,122.0,6.0
4318,ind_test,energy,1.966094970703125,0.9926499,1.0,79.0,22.0
4319,ind_test,energy,2.2353646755218506,1.2103405,1.0,252.0,47.0
4320,ind_test,energy,3.0717484951019287,4.2455707,0.0,104.0,13.0
4321,ind_test,energy,1.7176450490951538,4.6429796,0.0,45.0,63.0
4322,ind_test,energy,2.675353765487671,3.1388395,0.0,120.0,19.0
4323,ind_test,energy,3.0857410430908203,0.9558453,0.0,428.0,7.0
4324,ind_test,energy,3.8004190921783447,1.6535946,1.0,223.0,54.0
4325,ind_test,energy,5.061842441558838,1.4241333,1.0,350.0,55.0
4326,ind_test,energy,2.8755714893341064,8.008119,0.0,204.0,34.0
4327,ind_test,energy,2.202850103378296,0.74483544,1.0,429.0,34.0
4328,ind_test,energy,11.369996070861816,2.8069654,0.0,348.0,55.0
4329,ind_test,energy,2.7852697372436523,1.112108,1.0,375.0,10.0
4330,ind_test,energy,3.145787239074707,0.24348801,1.0,180.0,9.0
4331,ind_test,energy,2.7786736488342285,1.8513424,0.0,410.0,7.0
4332,ind_test,energy,2.82454776763916,3.8660421,0.0,283.0,24.0
4333,ind_test,energy,7.274829864501953,4.75446,0.0,15.0,17.0
4334,ind_test,energy,2.655012607574463,2.707921,0.0,269.0,13.0
4335,ind_test,energy,4.250082969665527,3.5539045,0.0,191.0,24.0
4336,multnoise_0.05,energy,5.116228103637695,1.9091413,0.0,354.0,26.0
4337,multnoise_0.05,energy,5.024008274078369,4.5990725,0.0,397.0,36.0
4338,multnoise_0.05,energy,2.639127254486084,1.0663587,0.0,188.0,42.0
4339,multnoise_0.05,energy,8.764922142028809,1.0846758,0.0,236.0,18.0
4340,multnoise_0.05,energy,2.1911354064941406,0.68816125,1.0,181.0,49.0
4341,multnoise_0.05,energy,3.58858060836792,1.4719989,0.0,38.0,56.0
4342,multnoise_0.05,energy,3.9652552604675293,6.2189407,0.0,434.0,54.0
4343,multnoise_0.05,energy,1.9012352228164673,3.4054496,0.0,419.0,39.0
4344,multnoise_0.05,energy,2.338134288787842,8.477962,0.0,382.0,53.0
4345,multnoise_0.05,energy,5.7692108154296875,3.2082052,0.0,28.0,50.0
4346,multnoise_0.05,energy,3.01650071144104,1.1584985,1.0,252.0,47.0
4347,multnoise_0.05,energy,3.3297996520996094,2.4874706,0.0,83.0,13.0
4348,multnoise_0.05,energy,4.135470390319824,0.01124273,1.0,81.0,29.0
4349,multnoise_0.05,energy,1.6643586158752441,0.5105754,1.0,64.0,29.0
4350,multnoise_0.05,energy,2.7794599533081055,5.9736176,0.0,139.0,0.0
4351,multnoise_0.05,energy,3.1905765533447266,8.519082,0.0,244.0,2.0
4352,multnoise_0.05,energy,2.4797253608703613,8.682197,0.0,42.0,58.0
4353,multnoise_0.05,energy,3.7129621505737305,4.094634,0.0,299.0,2.0
4354,multnoise_0.05,energy,4.6623125076293945,1.4304904,0.0,85.0,42.0
4355,multnoise_0.05,energy,2.392518997192383,3.1492777,0.0,124.0,5.0
4356,multnoise_0.05,energy,2.3707103729248047,8.748263,0.0,319.0,57.0
4357,multnoise_0.05,energy,4.148326873779297,0.7578839,1.0,186.0,7.0
4358,multnoise_0.05,energy,3.1272244453430176,8.602739,0.0,47.0,61.0
4359,multnoise_0.05,energy,2.860320568084717,3.6004448,0.0,259.0,64.0
4360,multnoise_0.05,energy,2.1272783279418945,4.551795,0.0,274.0,15.0
4361,multnoise_0.05,energy,3.6932196617126465,2.593912,0.0,168.0,9.0
4362,multnoise_0.05,energy,2.2676002979278564,0.31876606,1.0,75.0,7.0
4363,multnoise_0.05,energy,7.258320331573486,1.1980692,1.0,11.0,47.0
4364,multnoise_0.05,energy,3.5127782821655273,1.0014927,1.0,5.0,51.0
4365,multnoise_0.05,energy,2.2601137161254883,2.6964908,0.0,226.0,47.0
4366,multnoise_0.05,energy,11.653614044189453,3.7623267,0.0,185.0,11.0
4367,multnoise_0.05,energy,2.3453142642974854,0.07742644,1.0,93.0,4.0
4368,multnoise_0.05,energy,2.96378231048584,4.7801695,0.0,323.0,27.0
4369,multnoise_0.05,energy,7.249123573303223,5.9023614,0.0,110.0,20.0
4370,multnoise_0.05,energy,3.7453880310058594,1.0444529,1.0,322.0,47.0
4371,multnoise_0.05,energy,3.8220531940460205,1.5688902,0.0,2.0,7.0
4372,multnoise_0.05,energy,5.56673002243042,1.509564,0.0,432.0,1.0
4373,multnoise_0.05,energy,3.105372428894043,0.00057585345,1.0,320.0,18.0
4374,multnoise_0.05,energy,3.984431505203247,5.5429497,0.0,20.0,17.0
4375,multnoise_0.05,energy,3.2412171363830566,1.5265616,0.0,364.0,50.0
4376,multnoise_0.05,energy,3.1501100063323975,1.0015178,1.0,167.0,18.0
4377,multnoise_0.05,energy,2.403402805328369,3.0320702,0.0,233.0,28.0
4378,multnoise_0.05,energy,3.14377498626709,2.5278463,0.0,410.0,7.0
4379,multnoise_0.05,energy,2.58183217048645,1.6712482,0.0,334.0,10.0
4380,multnoise_0.05,energy,4.732214450836182,5.704596,0.0,292.0,15.0
4381,multnoise_0.05,energy,4.1424031257629395,2.8080163,0.0,302.0,14.0
4382,multnoise_0.05,energy,1.8059889078140259,0.008090581,1.0,6.0,22.0
4383,multnoise_0.05,energy,7.418673992156982,2.4097724,0.0,129.0,7.0
4384,multnoise_0.05,energy,4.088930130004883,1.9501402,1.0,377.0,43.0
4385,multnoise_0.05,energy,2.02095890045166,5.5973682,0.0,197.0,52.0
4386,multnoise_0.05,energy,6.004715442657471,0.053720362,1.0,328.0,8.0
4387,multnoise_0.05,energy,2.141263008117676,3.2180114,0.0,348.0,55.0
4388,multnoise_0.05,energy,3.652531862258911,6.2660213,0.0,14.0,3.0
4389,multnoise_0.05,energy,5.390580177307129,3.721696,0.0,407.0,33.0
4390,multnoise_0.05,energy,1.3959416151046753,8.991734,0.0,204.0,34.0
4391,multnoise_0.05,energy,2.6224162578582764,0.73066264,1.0,335.0,26.0
4392,multnoise_0.05,energy,2.63320255279541,4.941474,0.0,142.0,41.0
4393,multnoise_0.05,energy,2.8667259216308594,4.5257597,0.0,71.0,19.0
4394,multnoise_0.05,energy,3.340404510498047,2.8279405,0.0,206.0,2.0
4395,multnoise_0.05,energy,6.175837993621826,2.2633631,0.0,368.0,56.0
4396,multnoise_0.05,energy,4.589865684509277,0.07765369,1.0,34.0,4.0
4397,multnoise_0.05,energy,2.5493664741516113,3.8214374,0.0,363.0,2.0
4398,multnoise_0.05,energy,3.096688747406006,4.2055655,0.0,417.0,57.0
4399,multnoise_0.05,energy,2.778705596923828,6.329849,0.0,256.0,7.0
4400,multnoise_0.05,energy,2.1631357669830322,5.066566,0.0,416.0,8.0
4401,multnoise_0.05,energy,5.376136779785156,3.6740282,0.0,271.0,31.0
4402,multnoise_0.05,energy,2.186378002166748,0.94556266,1.0,92.0,4.0
4403,multnoise_0.05,energy,2.3833255767822266,3.3661246,0.0,403.0,56.0
4404,multnoise_0.05,energy,3.211190938949585,4.289859,0.0,263.0,35.0
4405,multnoise_0.05,energy,4.489182472229004,3.178424,0.0,239.0,20.0
4406,multnoise_0.05,energy,2.0474562644958496,3.5099845,0.0,61.0,63.0
4407,multnoise_0.05,energy,1.8016810417175293,0.04566434,1.0,325.0,4.0
4408,multnoise_0.05,energy,2.379396438598633,1.4822896,0.0,389.0,51.0
4409,multnoise_0.05,energy,1.9988592863082886,4.3486595,0.0,394.0,16.0
4410,multnoise_0.05,energy,2.0919697284698486,5.6321206,0.0,433.0,46.0
4411,multnoise_0.05,energy,2.4430618286132812,0.0036450867,1.0,0.0,29.0
4412,multnoise_0.05,energy,6.79481315612793,0.2269813,1.0,210.0,14.0
4413,multnoise_0.05,energy,4.480380535125732,2.74158,0.0,172.0,48.0
4414,multnoise_0.05,energy,2.3303003311157227,1.4526156,1.0,251.0,62.0
4415,multnoise_0.05,energy,2.0266339778900146,4.981513,0.0,86.0,36.0
4416,multnoise_0.05,energy,4.397329330444336,2.2516623,0.0,117.0,59.0
4417,multnoise_0.05,energy,3.818911552429199,3.9724317,0.0,360.0,58.0
4418,multnoise_0.05,energy,2.049778938293457,10.653303,0.0,235.0,25.0
4419,multnoise_0.05,energy,2.2850911617279053,2.9643908,0.0,105.0,28.0
4420,multnoise_0.05,energy,3.9857451915740967,3.4670873,0.0,384.0,21.0
4421,multnoise_0.05,energy,4.148062705993652,1.6419449,0.0,246.0,21.0
4422,multnoise_0.05,energy,2.607485294342041,2.5942492,0.0,49.0,34.0
4423,multnoise_0.05,energy,3.1988613605499268,7.0639253,0.0,155.0,52.0
4424,multnoise_0.05,energy,3.0627799034118652,1.8715253,0.0,223.0,54.0
4425,multnoise_0.05,energy,3.0235087871551514,4.839928,0.0,111.0,11.0
4426,multnoise_0.05,energy,2.6490132808685303,2.8153152,0.0,306.0,12.0
4427,multnoise_0.05,energy,2.4046196937561035,4.8088384,0.0,134.0,28.0
4428,multnoise_0.05,energy,2.782362461090088,2.2936351,0.0,288.0,29.0
4429,multnoise_0.05,energy,1.5964789390563965,0.33450496,1.0,65.0,1.0
4430,multnoise_0.05,energy,3.2165369987487793,6.466601,0.0,378.0,11.0
4431,multnoise_0.05,energy,3.5096168518066406,4.8798,0.0,108.0,57.0
4432,multnoise_0.05,energy,3.3437469005584717,0.77426034,1.0,427.0,62.0
4433,multnoise_0.05,energy,5.041844844818115,1.689635,1.0,390.0,64.0
4434,multnoise_0.05,energy,1.6245827674865723,4.016185,0.0,82.0,11.0
4435,multnoise_0.05,energy,4.907252788543701,5.149207,0.0,27.0,15.0
4436,multnoise_0.05,energy,3.1031315326690674,4.7913404,0.0,296.0,48.0
4437,multnoise_0.05,energy,2.7507216930389404,2.2997212,0.0,249.0,3.0
4438,multnoise_0.05,energy,2.3804636001586914,2.5026739,0.0,270.0,21.0
4439,multnoise_0.05,energy,7.627774715423584,2.2623682,0.0,385.0,3.0
4440,multnoise_0.05,energy,2.61622953414917,0.3932914,1.0,369.0,23.0
4441,multnoise_0.05,energy,2.909980058670044,0.024497183,1.0,80.0,29.0
4442,multnoise_0.05,energy,3.45654034614563,3.2252026,0.0,187.0,0.0
4443,multnoise_0.05,energy,3.868128776550293,2.3985758,0.0,301.0,7.0
4444,multnoise_0.05,energy,4.053032398223877,7.9364276,0.0,173.0,15.0
4445,multnoise_0.05,energy,8.60742473602295,9.359151,0.0,314.0,63.0
4446,multnoise_0.05,energy,3.6143784523010254,4.8125167,0.0,218.0,41.0
4447,multnoise_0.05,energy,3.8962173461914062,5.994383,0.0,281.0,9.0
4448,multnoise_0.05,energy,7.174666881561279,1.108928,0.0,298.0,61.0
4449,multnoise_0.05,energy,1.9460694789886475,2.9450436,0.0,151.0,44.0
4450,multnoise_0.05,energy,1.8778343200683594,5.209643,0.0,386.0,30.0
4451,multnoise_0.05,energy,5.723306655883789,2.3248124,0.0,321.0,10.0
4452,multnoise_0.05,energy,2.0393803119659424,1.1347965,1.0,4.0,17.0
4453,multnoise_0.05,energy,4.3083577156066895,2.5044932,1.0,137.0,3.0
4454,multnoise_0.05,energy,5.190881729125977,0.7202863,1.0,13.0,46.0
4455,multnoise_0.05,energy,2.2439420223236084,3.4652948,0.0,176.0,58.0
4456,multnoise_0.05,energy,4.457912445068359,1.892412,1.0,183.0,16.0
4457,multnoise_0.05,energy,1.8202543258666992,0.018950718,1.0,57.0,29.0
4458,multnoise_0.05,energy,3.3762001991271973,0.13421828,1.0,174.0,38.0
4459,multnoise_0.05,energy,2.5578722953796387,2.479298,0.0,88.0,44.0
4460,multnoise_0.05,energy,3.376852512359619,3.67186,0.0,250.0,31.0
4461,multnoise_0.05,energy,6.090149402618408,1.7849631,0.0,16.0,32.0
4462,multnoise_0.05,energy,4.581974029541016,1.876103,1.0,165.0,13.0
4463,multnoise_0.05,energy,2.2230546474456787,0.22309901,1.0,280.0,25.0
4464,multnoise_0.05,energy,1.6297612190246582,2.1798077,0.0,365.0,6.0
4465,multnoise_0.05,energy,1.6366442441940308,1.2403044,0.0,428.0,7.0
4466,multnoise_0.05,energy,3.376129150390625,7.823159,0.0,423.0,28.0
4467,multnoise_0.05,energy,2.8024723529815674,3.4958003,0.0,195.0,26.0
4468,multnoise_0.05,energy,1.510204553604126,1.6219537,1.0,56.0,26.0
4469,multnoise_0.05,energy,2.6865289211273193,1.9289849,1.0,215.0,39.0
4470,multnoise_0.05,energy,2.5191121101379395,4.017162,0.0,60.0,64.0
4471,multnoise_0.05,energy,2.856544017791748,0.6267832,1.0,266.0,1.0
4472,multnoise_0.05,energy,2.0675106048583984,0.14229435,1.0,425.0,18.0
4473,multnoise_0.05,energy,2.0356051921844482,2.2476606,0.0,66.0,60.0
4474,multnoise_0.05,energy,2.7470695972442627,2.6979728,0.0,380.0,30.0
4475,multnoise_0.05,energy,1.9396802186965942,3.3605003,0.0,424.0,27.0
4476,multnoise_0.05,energy,1.407639503479004,3.2480502,0.0,67.0,53.0
4477,multnoise_0.05,energy,3.880676746368408,6.6439524,0.0,285.0,37.0
4478,multnoise_0.05,energy,8.582124710083008,3.1237984,0.0,269.0,13.0
4479,multnoise_0.05,energy,2.579146146774292,5.1839786,0.0,341.0,27.0
4480,multnoise_0.05,energy,6.565113067626953,0.36427402,1.0,148.0,8.0
4481,multnoise_0.05,energy,6.322526931762695,3.9441104,0.0,260.0,32.0
4482,multnoise_0.05,energy,2.0096118450164795,2.2522082,0.0,248.0,30.0
4483,multnoise_0.05,energy,5.50738000869751,0.09405707,1.0,194.0,22.0
4484,multnoise_0.05,energy,3.9593214988708496,4.274637,0.0,119.0,46.0
4485,multnoise_0.05,energy,1.8212149143218994,0.23892395,1.0,70.0,8.0
4486,multnoise_0.05,energy,2.5683298110961914,5.2234697,0.0,241.0,10.0
4487,multnoise_0.05,energy,3.6373414993286133,1.0994365,1.0,68.0,61.0
4488,multnoise_0.05,energy,1.4231154918670654,2.6037035,0.0,112.0,56.0
4489,multnoise_0.05,energy,2.358598470687866,1.7797965,0.0,102.0,34.0
4490,multnoise_0.05,energy,3.0317225456237793,2.8013384,0.0,138.0,23.0
4491,multnoise_0.05,energy,3.6087448596954346,4.401984,0.0,164.0,60.0
4492,multnoise_0.05,energy,4.251791477203369,6.186632,0.0,326.0,37.0
4493,multnoise_0.05,energy,4.353064060211182,2.4146447,0.0,160.0,54.0
4494,multnoise_0.05,energy,4.287283420562744,3.732046,0.0,3.0,10.0
4495,multnoise_0.05,energy,9.339592933654785,3.1977134,0.0,128.0,26.0
4496,multnoise_0.05,energy,3.7765488624572754,3.093398,0.0,120.0,19.0
4497,multnoise_0.05,energy,2.902301788330078,8.436533,0.0,254.0,31.0
4498,multnoise_0.05,energy,3.203606605529785,7.0431705,0.0,73.0,54.0
4499,multnoise_0.05,energy,3.2382540702819824,3.1228328,0.0,318.0,1.0
4500,multnoise_0.05,energy,2.391202449798584,4.4884357,0.0,96.0,40.0
4501,multnoise_0.05,energy,2.4127089977264404,3.846759,0.0,275.0,10.0
4502,multnoise_0.05,energy,2.1327311992645264,3.5609062,0.0,362.0,18.0
4503,multnoise_0.05,energy,2.6354269981384277,8.28747,0.0,414.0,55.0
4504,multnoise_0.05,energy,4.932814121246338,5.5814643,0.0,311.0,33.0
4505,multnoise_0.05,energy,2.2561564445495605,5.8379207,0.0,10.0,37.0
4506,multnoise_0.05,energy,2.8328301906585693,5.015217,0.0,95.0,15.0
4507,multnoise_0.05,energy,3.9389820098876953,2.6980643,0.0,191.0,24.0
4508,multnoise_0.05,energy,6.491612911224365,3.8770103,0.0,162.0,15.0
4509,multnoise_0.05,energy,2.57305908203125,2.246073,0.0,220.0,9.0
4510,multnoise_0.05,energy,3.199960708618164,1.9328669,0.0,113.0,22.0
4511,multnoise_0.05,energy,2.194166660308838,2.786957,0.0,163.0,64.0
4512,multnoise_0.05,energy,3.716419219970703,3.07027,0.0,267.0,39.0
4513,multnoise_0.05,energy,1.2418160438537598,1.5593934,1.0,418.0,1.0
4514,multnoise_0.05,energy,2.1578798294067383,1.233161,0.0,156.0,49.0
4515,multnoise_0.05,energy,2.004606246948242,3.7097147,0.0,91.0,15.0
4516,multnoise_0.05,energy,2.8706700801849365,5.343586,0.0,276.0,14.0
4517,multnoise_0.05,energy,3.173504114151001,3.1926708,0.0,238.0,1.0
4518,multnoise_0.05,energy,4.423157691955566,3.7308602,0.0,12.0,30.0
4519,multnoise_0.05,energy,2.078526735305786,1.3726586,1.0,388.0,4.0
4520,multnoise_0.05,energy,5.1226019859313965,0.12115494,1.0,272.0,4.0
4521,multnoise_0.05,energy,4.559263229370117,5.6208644,0.0,374.0,20.0
4522,multnoise_0.05,energy,2.357475519180298,1.4736007,0.0,435.0,61.0
4523,multnoise_0.05,energy,3.2116289138793945,1.9037408,0.0,247.0,34.0
4524,multnoise_0.05,energy,2.0531463623046875,7.2526917,0.0,62.0,57.0
4525,multnoise_0.05,energy,2.2039589881896973,3.831069,0.0,39.0,60.0
4526,multnoise_0.05,energy,2.7956016063690186,6.051737,0.0,114.0,25.0
4527,multnoise_0.05,energy,2.571967840194702,3.5167208,0.0,54.0,20.0
4528,multnoise_0.05,energy,1.986567497253418,5.419283,0.0,351.0,41.0
4529,multnoise_0.05,energy,7.2618513107299805,1.2295039,1.0,202.0,53.0
4530,multnoise_0.05,energy,1.3135299682617188,4.56773,0.0,90.0,58.0
4531,multnoise_0.05,energy,4.212610244750977,3.7413683,0.0,219.0,48.0
4532,multnoise_0.05,energy,2.750351905822754,2.2944322,0.0,107.0,5.0
4533,multnoise_0.05,energy,3.1560988426208496,2.7732978,0.0,52.0,55.0
4534,multnoise_0.05,energy,2.1588945388793945,5.3365936,0.0,31.0,24.0
4535,multnoise_0.05,energy,4.327053070068359,3.6274958,0.0,214.0,26.0
4536,multnoise_0.05,energy,2.888688802719116,1.519193,0.0,153.0,46.0
4537,multnoise_0.05,energy,2.501542806625366,3.292069,0.0,140.0,0.0
4538,multnoise_0.05,energy,2.8778445720672607,5.292453,0.0,203.0,39.0
4539,multnoise_0.05,energy,2.441509485244751,5.6749415,0.0,356.0,50.0
4540,multnoise_0.05,energy,7.169259548187256,0.06073098,1.0,216.0,22.0
4541,multnoise_0.05,energy,1.532228946685791,1.529151,1.0,229.0,60.0
4542,multnoise_0.05,energy,3.2759275436401367,3.289331,0.0,115.0,24.0
4543,multnoise_0.05,energy,5.7140984535217285,5.1889577,0.0,205.0,3.0
4544,multnoise_0.05,energy,1.2060539722442627,1.4259406,0.0,63.0,62.0
4545,multnoise_0.05,energy,2.126034736633301,1.6001172,1.0,222.0,21.0
4546,multnoise_0.05,energy,3.01767635345459,3.2336993,0.0,367.0,53.0
4547,multnoise_0.05,energy,3.638110876083374,4.54572,0.0,402.0,23.0
4548,multnoise_0.05,energy,6.776133060455322,1.5731932,1.0,375.0,10.0
4549,multnoise_0.05,energy,4.625211715698242,3.6153312,0.0,50.0,38.0
4550,multnoise_0.05,energy,1.3799585103988647,1.4872936,0.0,324.0,61.0
4551,multnoise_0.05,energy,1.604356288909912,2.5012145,0.0,370.0,24.0
4552,multnoise_0.05,energy,2.8026340007781982,0.10585418,1.0,289.0,9.0
4553,multnoise_0.05,energy,1.9441996812820435,2.9173584,0.0,159.0,13.0
4554,multnoise_0.05,energy,2.8750531673431396,2.1884181,0.0,278.0,46.0
4555,multnoise_0.05,energy,3.2192108631134033,4.803902,0.0,201.0,19.0
4556,multnoise_0.05,energy,2.4692564010620117,6.950815,0.0,145.0,56.0
4557,multnoise_0.05,energy,4.63057804107666,0.96384394,1.0,381.0,41.0
4558,multnoise_0.05,energy,2.189669132232666,3.006932,0.0,305.0,54.0
4559,multnoise_0.05,energy,9.758772850036621,2.9182935,0.0,304.0,57.0
4560,multnoise_0.05,energy,3.238527297973633,2.965244,0.0,373.0,19.0
4561,multnoise_0.05,energy,1.1995117664337158,2.207315,0.0,200.0,40.0
4562,multnoise_0.05,energy,2.7655856609344482,4.02193,0.0,426.0,15.0
4563,multnoise_0.05,energy,2.2768187522888184,4.884468,0.0,284.0,37.0
4564,multnoise_0.05,energy,3.5527777671813965,0.982275,1.0,217.0,9.0
4565,multnoise_0.05,energy,3.5782079696655273,4.033517,0.0,243.0,45.0
4566,multnoise_0.05,energy,7.246011257171631,4.8335223,0.0,293.0,17.0
4567,multnoise_0.05,energy,1.7460142374038696,2.9160612,0.0,234.0,54.0
4568,multnoise_0.05,energy,4.658763885498047,0.8465595,0.0,94.0,34.0
4569,multnoise_0.05,energy,4.144315719604492,2.195447,0.0,327.0,49.0
4570,multnoise_0.05,energy,2.0602939128875732,2.827035,0.0,398.0,31.0
4571,multnoise_0.05,energy,11.328348159790039,3.6027865,0.0,132.0,57.0
4572,multnoise_0.05,energy,5.906322479248047,0.7059288,1.0,237.0,38.0
4573,multnoise_0.05,energy,2.2304863929748535,1.9755622,0.0,387.0,31.0
4574,multnoise_0.05,energy,2.581372022628784,3.970296,0.0,158.0,38.0
4575,multnoise_0.05,energy,2.621511459350586,0.24842857,1.0,180.0,9.0
4576,multnoise_0.05,energy,4.391765117645264,6.050684,0.0,170.0,36.0
4577,multnoise_0.05,energy,2.8510615825653076,1.9889525,1.0,333.0,30.0
4578,multnoise_0.05,energy,1.79901921749115,2.6694798,0.0,258.0,32.0
4579,multnoise_0.05,energy,2.354719877243042,2.914287,0.0,287.0,16.0
4580,multnoise_0.05,energy,2.2760584354400635,6.9402037,0.0,133.0,55.0
4581,multnoise_0.05,energy,3.3806264400482178,1.0540563,1.0,171.0,21.0
4582,multnoise_0.05,energy,7.227504730224609,0.33853114,1.0,290.0,62.0
4583,multnoise_0.05,energy,3.254720449447632,7.3046412,0.0,420.0,57.0
4584,multnoise_0.05,energy,3.195467472076416,0.06314039,1.0,21.0,22.0
4585,multnoise_0.05,energy,2.9798829555511475,0.44794855,1.0,43.0,29.0
4586,multnoise_0.05,energy,2.2909858226776123,5.9853992,0.0,232.0,51.0
4587,multnoise_0.05,energy,1.9407641887664795,1.95507,0.0,391.0,26.0
4588,multnoise_0.05,energy,4.634006977081299,0.44436753,1.0,23.0,61.0
4589,multnoise_0.05,energy,3.242565155029297,3.39149,0.0,331.0,56.0
4590,multnoise_0.05,energy,6.989069938659668,0.5196668,1.0,7.0,63.0
4591,multnoise_0.05,energy,5.4715447425842285,8.506922,0.0,265.0,53.0
4592,multnoise_0.05,energy,1.8347375392913818,3.4781666,0.0,59.0,12.0
4593,multnoise_0.05,energy,2.8473968505859375,2.702186,0.0,392.0,48.0
4594,multnoise_0.05,energy,3.0080552101135254,0.00397131,1.0,33.0,8.0
4595,multnoise_0.05,energy,3.334455728530884,6.3416734,0.0,40.0,54.0
4596,multnoise_0.05,energy,3.418602228164673,3.6734047,0.0,366.0,35.0
4597,multnoise_0.05,energy,2.7079086303710938,1.6955581,0.0,161.0,44.0
4598,multnoise_0.05,energy,3.490046977996826,0.2954407,1.0,1.0,9.0
4599,multnoise_0.05,energy,3.572376251220703,0.939533,0.0,24.0,22.0
4600,multnoise_0.05,energy,1.8525807857513428,4.1432705,0.0,343.0,55.0
4601,multnoise_0.05,energy,5.087944984436035,0.7677414,1.0,46.0,8.0
4602,multnoise_0.05,energy,2.8735055923461914,1.8360103,0.0,352.0,43.0
4603,multnoise_0.05,energy,7.444705486297607,6.7314153,0.0,422.0,26.0
4604,multnoise_0.05,energy,5.504863262176514,2.2939513,0.0,231.0,48.0
4605,multnoise_0.05,energy,2.757152557373047,1.1923193,1.0,286.0,63.0
4606,multnoise_0.05,energy,2.7885184288024902,4.5754175,0.0,358.0,37.0
4607,multnoise_0.05,energy,2.8116652965545654,3.1919315,0.0,8.0,47.0
4608,multnoise_0.05,energy,3.126013994216919,0.9195303,1.0,415.0,32.0
4609,multnoise_0.05,energy,1.8566133975982666,4.013379,0.0,32.0,20.0
4610,multnoise_0.05,energy,3.345625162124634,2.5656023,0.0,98.0,6.0
4611,multnoise_0.05,energy,4.086604595184326,3.3499093,0.0,345.0,21.0
4612,multnoise_0.05,energy,3.3634414672851562,6.478278,0.0,347.0,44.0
4613,multnoise_0.05,energy,2.6463775634765625,0.2912414,1.0,41.0,58.0
4614,multnoise_0.05,energy,2.0513927936553955,6.3440437,0.0,99.0,28.0
4615,multnoise_0.05,energy,1.4014571905136108,2.97259,0.0,297.0,21.0
4616,multnoise_0.05,energy,2.8011817932128906,8.85205,0.0,230.0,29.0
4617,multnoise_0.05,energy,6.563375473022461,2.6622758,0.0,405.0,50.0
4618,multnoise_0.05,energy,3.9773526191711426,2.4381223,0.0,182.0,54.0
4619,multnoise_0.05,energy,1.8963325023651123,5.77319,0.0,277.0,12.0
4620,multnoise_0.05,energy,1.953664779663086,3.2283616,0.0,189.0,41.0
4621,multnoise_0.05,energy,1.6106964349746704,0.76826733,1.0,295.0,62.0
4622,multnoise_0.05,energy,1.719415545463562,2.153613,1.0,255.0,5.0
4623,multnoise_0.05,energy,1.901771068572998,3.5939114,0.0,308.0,21.0
4624,multnoise_0.05,energy,2.723048210144043,0.249717,1.0,190.0,31.0
4625,multnoise_0.05,energy,1.638378620147705,6.377602,0.0,340.0,1.0
4626,multnoise_0.05,energy,2.2908010482788086,0.02776347,1.0,37.0,18.0
4627,multnoise_0.05,energy,4.447711944580078,3.1854582,0.0,262.0,62.0
4628,multnoise_0.05,energy,2.5868148803710938,4.4492826,0.0,212.0,31.0
4629,multnoise_0.05,energy,6.133861064910889,0.04365356,1.0,30.0,8.0
4630,multnoise_0.05,energy,2.438173770904541,3.3948438,0.0,150.0,3.0
4631,multnoise_0.05,energy,2.3586463928222656,8.473724,0.0,396.0,33.0
4632,multnoise_0.05,energy,3.388883352279663,4.6188326,0.0,291.0,25.0
4633,multnoise_0.05,energy,3.313908338546753,0.7275305,1.0,309.0,34.0
4634,multnoise_0.05,energy,2.4385290145874023,3.2341628,0.0,77.0,48.0
4635,multnoise_0.05,energy,2.2347946166992188,1.8990474,0.0,154.0,42.0
4636,multnoise_0.05,energy,4.68418025970459,3.867813,0.0,371.0,0.0
4637,multnoise_0.05,energy,2.0905513763427734,6.514016,0.0,147.0,48.0
4638,multnoise_0.05,energy,2.9947967529296875,2.7575552,0.0,19.0,28.0
4639,multnoise_0.05,energy,5.549143314361572,4.928469,0.0,399.0,31.0
4640,multnoise_0.05,energy,6.766806125640869,1.3255465,1.0,294.0,46.0
4641,multnoise_0.05,energy,1.795803427696228,4.5921574,0.0,144.0,45.0
4642,multnoise_0.05,energy,2.493978500366211,1.8576849,0.0,283.0,24.0
4643,multnoise_0.05,energy,1.7019684314727783,4.0984287,0.0,125.0,14.0
4644,multnoise_0.05,energy,1.9016296863555908,4.2108555,0.0,123.0,57.0
4645,multnoise_0.05,energy,5.966139793395996,5.4232907,0.0,87.0,42.0
4646,multnoise_0.05,energy,4.23942756652832,4.1438336,0.0,273.0,35.0
4647,multnoise_0.05,energy,11.115421295166016,3.7084131,0.0,213.0,28.0
4648,multnoise_0.05,energy,3.106649160385132,1.532994,1.0,135.0,1.0
4649,multnoise_0.05,energy,1.7070579528808594,3.625811,0.0,53.0,57.0
4650,multnoise_0.05,energy,2.8994874954223633,3.3657074,0.0,25.0,30.0
4651,multnoise_0.05,energy,3.015775680541992,0.83181036,1.0,245.0,4.0
4652,multnoise_0.05,energy,2.8554277420043945,5.1784835,0.0,15.0,17.0
4653,multnoise_0.05,energy,5.4554548263549805,5.1359916,0.0,300.0,49.0
4654,multnoise_0.05,energy,2.7889182567596436,4.0550127,0.0,199.0,2.0
4655,multnoise_0.05,energy,3.209963083267212,9.50259,0.0,44.0,17.0
4656,multnoise_0.05,energy,6.154460906982422,5.1112776,0.0,282.0,56.0
4657,multnoise_0.05,energy,2.3200783729553223,3.297374,0.0,198.0,60.0
4658,multnoise_0.05,energy,2.7034120559692383,3.0164902,0.0,376.0,50.0
4659,multnoise_0.05,energy,4.051886081695557,2.9592996,0.0,55.0,22.0
4660,multnoise_0.05,energy,3.9228875637054443,0.16463216,1.0,143.0,61.0
4661,multnoise_0.05,energy,5.137153148651123,3.0796447,0.0,193.0,32.0
4662,multnoise_0.05,energy,1.4379767179489136,2.8594337,0.0,346.0,43.0
4663,multnoise_0.05,energy,6.027122497558594,4.054563,0.0,339.0,11.0
4664,multnoise_0.05,energy,3.846275568008423,3.075328,0.0,227.0,5.0
4665,multnoise_0.05,energy,4.78997802734375,4.065683,0.0,177.0,45.0
4666,multnoise_0.05,energy,2.5193369388580322,7.4490433,0.0,344.0,37.0
4667,multnoise_0.05,energy,2.138972759246826,0.18090717,1.0,338.0,4.0
4668,multnoise_0.05,energy,1.7698928117752075,4.1977334,0.0,329.0,18.0
4669,multnoise_0.05,energy,3.0700464248657227,4.1445103,0.0,51.0,30.0
4670,multnoise_0.05,energy,5.349210262298584,2.1471765,0.0,312.0,1.0
4671,multnoise_0.05,energy,6.423738956451416,0.506483,1.0,9.0,61.0
4672,multnoise_0.05,energy,1.6883653402328491,5.7268696,0.0,178.0,12.0
4673,multnoise_0.05,energy,2.3618316650390625,0.013279447,1.0,69.0,9.0
4674,multnoise_0.05,energy,3.4944348335266113,0.014223977,1.0,84.0,0.0
4675,multnoise_0.05,energy,1.918911337852478,7.1548877,0.0,253.0,11.0
4676,multnoise_0.05,energy,6.3485565185546875,3.095073,0.0,279.0,5.0
4677,multnoise_0.05,energy,2.6796841621398926,4.720148,0.0,261.0,11.0
4678,multnoise_0.05,energy,2.148977279663086,3.8316588,0.0,116.0,23.0
4679,multnoise_0.05,energy,2.2418782711029053,1.7134931,0.0,207.0,29.0
4680,multnoise_0.05,energy,1.756337285041809,2.3693614,0.0,36.0,51.0
4681,multnoise_0.05,energy,4.3989176750183105,2.0005698,0.0,355.0,31.0
4682,multnoise_0.05,energy,2.505155324935913,3.492577,0.0,78.0,1.0
4683,multnoise_0.05,energy,2.174191474914551,3.778011,0.0,48.0,28.0
4684,multnoise_0.05,energy,1.467203140258789,3.6482859,0.0,429.0,34.0
4685,multnoise_0.05,energy,3.8136134147644043,3.0888972,0.0,130.0,54.0
4686,multnoise_0.05,energy,3.0215625762939453,2.8749876,0.0,361.0,39.0
4687,multnoise_0.05,energy,2.497321367263794,3.5910397,0.0,106.0,59.0
4688,multnoise_0.05,energy,3.862016439437866,5.30896,0.0,89.0,61.0
4689,multnoise_0.05,energy,3.103829860687256,1.588948,1.0,126.0,48.0
4690,multnoise_0.05,energy,4.911619186401367,0.12894274,1.0,307.0,8.0
4691,multnoise_0.05,energy,1.7619860172271729,2.8805432,0.0,209.0,11.0
4692,multnoise_0.05,energy,1.6977081298828125,3.1349907,0.0,97.0,0.0
4693,multnoise_0.05,energy,7.260807037353516,0.002520006,1.0,221.0,18.0
4694,multnoise_0.05,energy,2.142251491546631,3.867778,0.0,45.0,63.0
4695,multnoise_0.05,energy,3.2072205543518066,10.985031,0.0,404.0,52.0
4696,multnoise_0.05,energy,1.7700566053390503,3.2486007,0.0,400.0,6.0
4697,multnoise_0.05,energy,2.6527891159057617,3.5791717,0.0,157.0,38.0
4698,multnoise_0.05,energy,3.9926371574401855,2.036601,0.0,350.0,55.0
4699,multnoise_0.05,energy,5.337530136108398,5.6272807,0.0,104.0,13.0
4700,multnoise_0.05,energy,5.442683696746826,4.9439363,0.0,175.0,10.0
4701,multnoise_0.05,energy,3.5826902389526367,2.154299,0.0,431.0,32.0
4702,multnoise_0.05,energy,4.808656692504883,2.2596748,1.0,179.0,28.0
4703,multnoise_0.05,energy,5.289341926574707,0.7189647,1.0,315.0,6.0
4704,multnoise_0.05,energy,2.332763195037842,1.9451234,1.0,240.0,32.0
4705,multnoise_0.05,energy,6.592530727386475,8.170461,0.0,152.0,52.0
4706,multnoise_0.05,energy,2.477297067642212,3.2343283,0.0,332.0,37.0
4707,multnoise_0.05,energy,9.26203727722168,2.201036,0.0,100.0,64.0
4708,multnoise_0.05,energy,3.2176785469055176,4.6421914,0.0,408.0,37.0
4709,multnoise_0.05,energy,5.065590858459473,0.04553165,1.0,336.0,9.0
4710,multnoise_0.05,energy,2.8147709369659424,3.241956,0.0,26.0,47.0
4711,multnoise_0.05,energy,1.881730318069458,2.2808256,0.0,393.0,20.0
4712,multnoise_0.05,energy,2.7874491214752197,3.1189575,0.0,317.0,17.0
4713,multnoise_0.05,energy,3.4411139488220215,1.3278437,0.0,225.0,55.0
4714,multnoise_0.05,energy,1.3757728338241577,0.69064194,1.0,310.0,51.0
4715,multnoise_0.05,energy,4.6993608474731445,3.5834618,0.0,192.0,58.0
4716,multnoise_0.05,energy,3.884561538696289,2.0741022,0.0,72.0,43.0
4717,multnoise_0.05,energy,2.4336161613464355,0.23103754,1.0,406.0,56.0
4718,multnoise_0.05,energy,1.6829235553741455,4.4302697,0.0,342.0,2.0
4719,multnoise_0.05,energy,3.1426947116851807,1.6084266,1.0,127.0,49.0
4720,multnoise_0.05,energy,3.0586190223693848,3.1260338,0.0,379.0,3.0
4721,multnoise_0.05,energy,3.998800277709961,3.0793085,0.0,330.0,43.0
4722,multnoise_0.05,energy,4.366185665130615,0.92304754,1.0,372.0,30.0
4723,multnoise_0.05,energy,2.4337122440338135,0.0022498076,1.0,211.0,18.0
4724,multnoise_0.05,energy,2.507502317428589,4.042367,0.0,430.0,45.0
4725,multnoise_0.05,energy,5.072463512420654,3.345924,0.0,22.0,16.0
4726,multnoise_0.05,energy,2.131051540374756,2.582971,0.0,268.0,60.0
4727,multnoise_0.05,energy,2.3356451988220215,2.8211827,0.0,359.0,48.0
4728,multnoise_0.05,energy,6.126151084899902,6.058797,0.0,349.0,18.0
4729,multnoise_0.05,energy,3.7214467525482178,0.3375862,1.0,121.0,1.0
4730,multnoise_0.05,energy,4.301698684692383,0.82538396,1.0,184.0,9.0
4731,multnoise_0.05,energy,4.541884422302246,2.8756075,0.0,411.0,63.0
4732,multnoise_0.05,energy,3.9911227226257324,1.1687067,1.0,74.0,51.0
4733,multnoise_0.05,energy,3.8929357528686523,2.3486123,0.0,17.0,13.0
4734,multnoise_0.05,energy,2.7724738121032715,0.35994673,1.0,353.0,21.0
4735,multnoise_0.05,energy,3.387343645095825,2.3196416,0.0,264.0,32.0
4736,multnoise_0.05,energy,3.663090944290161,6.2843485,0.0,313.0,14.0
4737,multnoise_0.05,energy,2.3413968086242676,1.5309429,1.0,337.0,43.0
4738,multnoise_0.05,energy,4.023305892944336,4.0251927,0.0,76.0,21.0
4739,multnoise_0.05,energy,2.954469680786133,0.06978071,1.0,109.0,18.0
4740,multnoise_0.05,energy,2.1115846633911133,3.1818082,0.0,316.0,41.0
4741,multnoise_0.05,energy,4.6355719566345215,4.591156,0.0,395.0,21.0
4742,multnoise_0.05,energy,1.5812337398529053,1.6651044,1.0,131.0,21.0
4743,multnoise_0.05,energy,5.467599391937256,5.065688,0.0,228.0,3.0
4744,multnoise_0.05,energy,7.9025115966796875,3.9789627,0.0,383.0,52.0
4745,multnoise_0.05,energy,4.408141613006592,6.213217,0.0,122.0,6.0
4746,multnoise_0.05,energy,3.3082950115203857,3.3564467,0.0,401.0,41.0
4747,multnoise_0.05,energy,7.7572245597839355,3.3726153,0.0,29.0,51.0
4748,multnoise_0.05,energy,3.147915840148926,1.527392,0.0,103.0,17.0
4749,multnoise_0.05,energy,3.6140756607055664,3.1924043,0.0,412.0,52.0
4750,multnoise_0.05,energy,2.357379198074341,1.7424222,0.0,136.0,30.0
4751,multnoise_0.05,energy,5.875774383544922,6.506634,0.0,224.0,20.0
4752,multnoise_0.05,energy,2.9777770042419434,1.0426779,0.0,166.0,63.0
4753,multnoise_0.05,energy,2.298783779144287,0.9875258,1.0,79.0,22.0
4754,multnoise_0.05,energy,3.3933939933776855,1.1900451,1.0,303.0,38.0
4755,multnoise_0.05,energy,2.67425799369812,2.0588238,0.0,421.0,32.0
4756,multnoise_0.05,energy,2.063206672668457,7.7389927,0.0,18.0,52.0
4757,multnoise_0.05,energy,1.3660039901733398,2.9411435,0.0,149.0,50.0
4758,multnoise_0.05,energy,2.454979419708252,3.7687635,0.0,357.0,33.0
4759,multnoise_0.05,energy,5.4672017097473145,2.664353,0.0,118.0,53.0
4760,multnoise_0.05,energy,3.9640634059906006,1.2098209,1.0,242.0,1.0
4761,multnoise_0.05,energy,6.9215874671936035,2.288596,0.0,141.0,43.0
4762,multnoise_0.05,energy,1.4462239742279053,3.5318155,0.0,35.0,40.0
4763,multnoise_0.05,energy,2.532620429992676,2.8076367,0.0,196.0,12.0
4764,multnoise_0.05,energy,1.7312747240066528,1.3125188,1.0,146.0,63.0
4765,multnoise_0.05,energy,2.2072157859802246,4.13303,0.0,101.0,6.0
4766,multnoise_0.05,energy,2.415259599685669,3.1106162,0.0,409.0,15.0
4767,multnoise_0.05,energy,3.3993985652923584,0.5727934,1.0,208.0,4.0
4768,multnoise_0.1,energy,3.2981514930725098,3.939851,0.0,317.0,17.0
4769,multnoise_0.1,energy,1.3981313705444336,2.909528,0.0,331.0,56.0
4770,multnoise_0.1,energy,1.9903197288513184,3.6057138,0.0,35.0,40.0
4771,multnoise_0.1,energy,2.099118232727051,5.5260167,0.0,89.0,61.0
4772,multnoise_0.1,energy,2.399404525756836,7.5891423,0.0,10.0,37.0
4773,multnoise_0.1,energy,1.6645375490188599,0.4501377,1.0,210.0,14.0
4774,multnoise_0.1,energy,2.7510828971862793,9.04156,0.0,371.0,0.0
4775,multnoise_0.1,energy,3.263119697570801,0.004906756,1.0,320.0,18.0
4776,multnoise_0.1,energy,4.353333950042725,3.747435,0.0,19.0,28.0
4777,multnoise_0.1,energy,2.688809394836426,7.122551,0.0,397.0,36.0
4778,multnoise_0.1,energy,3.685291290283203,7.998353,0.0,359.0,48.0
4779,multnoise_0.1,energy,2.7439980506896973,0.4623131,1.0,369.0,23.0
4780,multnoise_0.1,energy,3.484936237335205,4.8516545,0.0,142.0,41.0
4781,multnoise_0.1,energy,1.842017412185669,1.4657738,0.0,188.0,42.0
4782,multnoise_0.1,energy,2.112551689147949,6.687613,0.0,86.0,36.0
4783,multnoise_0.1,energy,2.388754367828369,2.4532456,0.0,185.0,11.0
4784,multnoise_0.1,energy,2.192457914352417,3.69685,0.0,227.0,5.0
4785,multnoise_0.1,energy,2.3343143463134766,1.8324852,0.0,84.0,0.0
4786,multnoise_0.1,energy,2.5563933849334717,5.4281297,0.0,299.0,2.0
4787,multnoise_0.1,energy,3.107307195663452,3.0561104,0.0,267.0,39.0
4788,multnoise_0.1,energy,4.38369083404541,2.6491919,0.0,350.0,55.0
4789,multnoise_0.1,energy,5.2176408767700195,8.314895,0.0,319.0,57.0
4790,multnoise_0.1,energy,3.3358888626098633,4.2100024,0.0,51.0,30.0
4791,multnoise_0.1,energy,3.7274787425994873,0.051325265,1.0,257.0,8.0
4792,multnoise_0.1,energy,2.848585605621338,2.5509133,0.0,56.0,26.0
4793,multnoise_0.1,energy,3.2735848426818848,2.4659982,0.0,2.0,7.0
4794,multnoise_0.1,energy,5.507834434509277,5.312786,0.0,232.0,51.0
4795,multnoise_0.1,energy,4.183724403381348,4.5485954,0.0,151.0,44.0
4796,multnoise_0.1,energy,4.467233180999756,10.755795,0.0,382.0,53.0
4797,multnoise_0.1,energy,3.1998798847198486,1.1919367,1.0,415.0,32.0
4798,multnoise_0.1,energy,3.929955244064331,8.349324,0.0,420.0,57.0
4799,multnoise_0.1,energy,2.204411029815674,5.7775917,0.0,197.0,52.0
4800,multnoise_0.1,energy,5.761101245880127,0.67400587,1.0,372.0,30.0
4801,multnoise_0.1,energy,1.7781388759613037,4.063692,0.0,419.0,39.0
4802,multnoise_0.1,energy,3.035975456237793,2.4492297,0.0,4.0,17.0
4803,multnoise_0.1,energy,2.8902428150177,4.736377,0.0,312.0,1.0
4804,multnoise_0.1,energy,2.486315965652466,4.406703,0.0,213.0,28.0
4805,multnoise_0.1,energy,1.4650682210922241,2.2200136,0.0,72.0,43.0
4806,multnoise_0.1,energy,1.9880162477493286,0.068563834,1.0,34.0,4.0
4807,multnoise_0.1,energy,3.7950439453125,2.1287432,0.0,31.0,24.0
4808,multnoise_0.1,energy,5.897800922393799,6.0180397,0.0,374.0,20.0
4809,multnoise_0.1,energy,5.5728278160095215,5.2819653,0.0,87.0,42.0
4810,multnoise_0.1,energy,2.7075552940368652,2.4638355,0.0,345.0,21.0
4811,multnoise_0.1,energy,2.517331600189209,0.8338413,1.0,13.0,46.0
4812,multnoise_0.1,energy,4.113511085510254,3.7828379,0.0,321.0,10.0
4813,multnoise_0.1,energy,3.215937852859497,4.98105,0.0,132.0,57.0
4814,multnoise_0.1,energy,5.283932685852051,5.2848835,0.0,15.0,17.0
4815,multnoise_0.1,energy,3.7506449222564697,9.439272,0.0,147.0,48.0
4816,multnoise_0.1,energy,3.7794036865234375,4.9938345,0.0,275.0,10.0
4817,multnoise_0.1,energy,2.560324192047119,2.8498712,0.0,169.0,62.0
4818,multnoise_0.1,energy,3.8435161113739014,1.4789346,0.0,286.0,63.0
4819,multnoise_0.1,energy,4.9710774421691895,0.010712734,1.0,221.0,18.0
4820,multnoise_0.1,energy,2.7535438537597656,3.1579325,0.0,268.0,60.0
4821,multnoise_0.1,energy,3.0381760597229004,8.85975,0.0,413.0,60.0
4822,multnoise_0.1,energy,3.013047695159912,3.360621,0.0,135.0,1.0
4823,multnoise_0.1,energy,6.523931503295898,1.8994441,1.0,280.0,25.0
4824,multnoise_0.1,energy,2.912339448928833,6.4474683,0.0,313.0,14.0
4825,multnoise_0.1,energy,2.431234836578369,3.6848788,0.0,124.0,5.0
4826,multnoise_0.1,energy,7.5543622970581055,3.9559193,0.0,130.0,54.0
4827,multnoise_0.1,energy,1.5837856531143188,1.5496913,0.0,16.0,32.0
4828,multnoise_0.1,energy,2.275800943374634,6.9575653,0.0,301.0,7.0
4829,multnoise_0.1,energy,1.7124985456466675,2.6724946,0.0,117.0,59.0
4830,multnoise_0.1,energy,2.631085157394409,6.9745483,0.0,408.0,37.0
4831,multnoise_0.1,energy,2.329195976257324,5.2524614,0.0,28.0,50.0
4832,multnoise_0.1,energy,6.435233116149902,6.4050326,0.0,378.0,11.0
4833,multnoise_0.1,energy,1.853562355041504,8.616716,0.0,99.0,28.0
4834,multnoise_0.1,energy,3.7329635620117188,6.3188505,0.0,277.0,12.0
4835,multnoise_0.1,energy,2.3030543327331543,5.937126,0.0,40.0,54.0
4836,multnoise_0.1,energy,2.1286442279815674,2.532784,0.0,168.0,9.0
4837,multnoise_0.1,energy,4.224939823150635,5.986595,0.0,78.0,1.0
4838,multnoise_0.1,energy,7.023922443389893,1.3357908,0.0,166.0,63.0
4839,multnoise_0.1,energy,1.905123233795166,5.0919704,0.0,282.0,56.0
4840,multnoise_0.1,energy,3.6780459880828857,2.2686653,0.0,324.0,61.0
4841,multnoise_0.1,energy,3.7431721687316895,0.18957652,1.0,216.0,22.0
4842,multnoise_0.1,energy,3.5196990966796875,0.030934406,1.0,57.0,29.0
4843,multnoise_0.1,energy,1.6149542331695557,1.3215733,1.0,38.0,56.0
4844,multnoise_0.1,energy,1.8496954441070557,4.859121,0.0,22.0,16.0
4845,multnoise_0.1,energy,3.419917106628418,3.4373455,0.0,45.0,63.0
4846,multnoise_0.1,energy,5.574268817901611,0.07405035,1.0,80.0,29.0
4847,multnoise_0.1,energy,2.246370553970337,4.7618976,0.0,351.0,41.0
4848,multnoise_0.1,energy,7.677951812744141,8.039898,0.0,155.0,52.0
4849,multnoise_0.1,energy,5.741473197937012,1.7139194,1.0,252.0,47.0
4850,multnoise_0.1,energy,2.9321956634521484,3.9336865,0.0,306.0,12.0
4851,multnoise_0.1,energy,3.98879075050354,1.9072874,1.0,215.0,39.0
4852,multnoise_0.1,energy,3.179675579071045,8.594032,0.0,114.0,25.0
4853,multnoise_0.1,energy,2.821042060852051,3.072425,0.0,302.0,14.0
4854,multnoise_0.1,energy,2.3671622276306152,1.1058767,1.0,184.0,9.0
4855,multnoise_0.1,energy,2.5114498138427734,3.8983626,0.0,305.0,54.0
4856,multnoise_0.1,energy,1.9927350282669067,3.2428236,0.0,67.0,53.0
4857,multnoise_0.1,energy,3.2818188667297363,2.4021468,0.0,248.0,30.0
4858,multnoise_0.1,energy,6.574155807495117,2.2792268,0.0,278.0,46.0
4859,multnoise_0.1,energy,3.114537239074707,5.295463,0.0,82.0,11.0
4860,multnoise_0.1,energy,4.068101406097412,1.2777624,1.0,222.0,21.0
4861,multnoise_0.1,energy,2.661586284637451,6.518321,0.0,399.0,31.0
4862,multnoise_0.1,energy,1.624166488647461,0.064249635,1.0,336.0,9.0
4863,multnoise_0.1,energy,2.8734827041625977,6.9254856,0.0,396.0,33.0
4864,multnoise_0.1,energy,3.478944778442383,2.0408955,0.0,365.0,6.0
4865,multnoise_0.1,energy,1.8680071830749512,7.4406195,0.0,110.0,20.0
4866,multnoise_0.1,energy,4.53436803817749,1.7824414,1.0,390.0,64.0
4867,multnoise_0.1,energy,3.442268133163452,5.029442,0.0,134.0,28.0
4868,multnoise_0.1,energy,3.087712526321411,3.335898,0.0,424.0,27.0
4869,multnoise_0.1,energy,2.5116753578186035,5.5355816,0.0,402.0,23.0
4870,multnoise_0.1,energy,2.0406126976013184,1.7930124,0.0,377.0,43.0
4871,multnoise_0.1,energy,4.708863258361816,3.2870827,0.0,229.0,60.0
4872,multnoise_0.1,energy,2.2148280143737793,0.13444528,1.0,37.0,18.0
4873,multnoise_0.1,energy,2.9461522102355957,4.36351,0.0,263.0,35.0
4874,multnoise_0.1,energy,2.015687942504883,2.3939848,0.0,385.0,3.0
4875,multnoise_0.1,energy,4.206571578979492,1.3192139,1.0,217.0,9.0
4876,multnoise_0.1,energy,3.799589157104492,1.382207,0.0,435.0,61.0
4877,multnoise_0.1,energy,3.7862486839294434,8.376723,0.0,177.0,45.0
4878,multnoise_0.1,energy,3.1156444549560547,0.010243344,1.0,81.0,29.0
4879,multnoise_0.1,energy,3.3423831462860107,3.7232761,0.0,49.0,34.0
4880,multnoise_0.1,energy,5.725643634796143,2.9169202,0.0,115.0,24.0
4881,multnoise_0.1,energy,4.293403625488281,3.0739703,0.0,236.0,18.0
4882,multnoise_0.1,energy,3.5246307849884033,4.5328107,0.0,77.0,48.0
4883,multnoise_0.1,energy,4.123046398162842,4.972302,0.0,260.0,32.0
4884,multnoise_0.1,energy,3.378403663635254,5.9840174,0.0,409.0,15.0
4885,multnoise_0.1,energy,4.487737655639648,8.453888,0.0,42.0,58.0
4886,multnoise_0.1,energy,1.7054500579833984,7.875355,0.0,47.0,61.0
4887,multnoise_0.1,energy,2.001664876937866,4.5544825,0.0,373.0,19.0
4888,multnoise_0.1,energy,1.872894525527954,2.6687655,0.0,107.0,5.0
4889,multnoise_0.1,energy,4.3849568367004395,3.607335,0.0,192.0,58.0
4890,multnoise_0.1,energy,3.257793426513672,2.6964314,0.0,25.0,30.0
4891,multnoise_0.1,energy,4.223083972930908,1.6547925,1.0,46.0,8.0
4892,multnoise_0.1,energy,3.09580659866333,4.345166,0.0,332.0,37.0
4893,multnoise_0.1,energy,1.8819434642791748,3.7439659,0.0,279.0,5.0
4894,multnoise_0.1,energy,2.330185890197754,9.704864,0.0,265.0,53.0
4895,multnoise_0.1,energy,2.690739631652832,4.4365,0.0,407.0,33.0
4896,multnoise_0.1,energy,3.777287006378174,4.8022614,0.0,323.0,27.0
4897,multnoise_0.1,energy,4.577963352203369,1.0202457,0.0,24.0,22.0
4898,multnoise_0.1,energy,2.7041192054748535,4.547413,0.0,383.0,52.0
4899,multnoise_0.1,energy,1.5252764225006104,4.0604496,0.0,179.0,28.0
4900,multnoise_0.1,energy,2.0485432147979736,1.6808428,0.0,113.0,22.0
4901,multnoise_0.1,energy,5.082151889801025,5.177556,0.0,32.0,20.0
4902,multnoise_0.1,energy,1.9923791885375977,5.5316753,0.0,172.0,48.0
4903,multnoise_0.1,energy,2.1794729232788086,2.3090322,0.0,421.0,32.0
4904,multnoise_0.1,energy,2.30456805229187,1.6061084,0.0,5.0,51.0
4905,multnoise_0.1,energy,2.42092227935791,3.5480804,0.0,376.0,50.0
4906,multnoise_0.1,energy,6.276876449584961,3.9857035,0.0,61.0,63.0
4907,multnoise_0.1,energy,3.5478320121765137,8.772521,0.0,244.0,2.0
4908,multnoise_0.1,energy,3.5271053314208984,10.650616,0.0,204.0,34.0
4909,multnoise_0.1,energy,5.679140090942383,0.03508152,1.0,93.0,4.0
4910,multnoise_0.1,energy,3.23568058013916,8.416878,0.0,44.0,17.0
4911,multnoise_0.1,energy,2.7884979248046875,0.37355864,1.0,272.0,4.0
4912,multnoise_0.1,energy,5.252549648284912,1.4959638,0.0,181.0,49.0
4913,multnoise_0.1,energy,3.8187813758850098,5.2071877,0.0,125.0,14.0
4914,multnoise_0.1,energy,3.4798314571380615,7.2787023,0.0,429.0,34.0
4915,multnoise_0.1,energy,1.1758692264556885,1.5860069,0.0,337.0,43.0
4916,multnoise_0.1,energy,2.6126902103424072,2.027616,0.0,186.0,7.0
4917,multnoise_0.1,energy,3.0528390407562256,4.653543,0.0,205.0,3.0
4918,multnoise_0.1,energy,2.972008228302002,0.0026742194,1.0,0.0,29.0
4919,multnoise_0.1,energy,4.507340431213379,3.6943955,0.0,259.0,64.0
4920,multnoise_0.1,energy,4.2404608726501465,2.5956204,0.0,220.0,9.0
4921,multnoise_0.1,energy,2.6265361309051514,3.008804,0.0,370.0,24.0
4922,multnoise_0.1,energy,4.606350421905518,5.8902392,0.0,203.0,39.0
4923,multnoise_0.1,energy,3.3100063800811768,2.2946267,0.0,297.0,21.0
4924,multnoise_0.1,energy,2.9689297676086426,4.303403,0.0,293.0,17.0
4925,multnoise_0.1,energy,2.4912757873535156,0.9401767,1.0,171.0,21.0
4926,multnoise_0.1,energy,3.3859267234802246,4.427372,0.0,271.0,31.0
4927,multnoise_0.1,energy,2.11877179145813,7.5835567,0.0,356.0,50.0
4928,multnoise_0.1,energy,2.491220235824585,3.6692953,0.0,54.0,20.0
4929,multnoise_0.1,energy,1.8708395957946777,9.8934145,0.0,152.0,52.0
4930,multnoise_0.1,energy,3.8188726902008057,4.695554,0.0,348.0,55.0
4931,multnoise_0.1,energy,3.213191032409668,2.7358313,0.0,403.0,56.0
4932,multnoise_0.1,energy,3.4688351154327393,1.272927,1.0,380.0,30.0
4933,multnoise_0.1,energy,4.1271796226501465,1.0959477,1.0,75.0,7.0
4934,multnoise_0.1,energy,2.8981668949127197,4.6542377,0.0,426.0,15.0
4935,multnoise_0.1,energy,2.697277069091797,2.9913666,0.0,264.0,32.0
4936,multnoise_0.1,energy,4.077434539794922,1.8952775,0.0,63.0,62.0
4937,multnoise_0.1,energy,3.495257616043091,3.7105408,0.0,363.0,2.0
4938,multnoise_0.1,energy,2.2583823204040527,2.9844398,0.0,361.0,39.0
4939,multnoise_0.1,energy,3.228435516357422,5.4802327,0.0,108.0,57.0
4940,multnoise_0.1,energy,4.549164295196533,0.4844563,1.0,315.0,6.0
4941,multnoise_0.1,energy,2.6110782623291016,0.039987218,1.0,30.0,8.0
4942,multnoise_0.1,energy,2.847700595855713,2.8612094,0.0,98.0,6.0
4943,multnoise_0.1,energy,2.3182034492492676,5.502164,0.0,111.0,11.0
4944,multnoise_0.1,energy,3.953848361968994,6.244778,0.0,104.0,13.0
4945,multnoise_0.1,energy,2.979158878326416,0.6102179,1.0,328.0,8.0
4946,multnoise_0.1,energy,2.820512056350708,2.1574912,0.0,226.0,47.0
4947,multnoise_0.1,energy,2.9802966117858887,7.856591,0.0,256.0,7.0
4948,multnoise_0.1,energy,2.9047133922576904,4.8226075,0.0,300.0,49.0
4949,multnoise_0.1,energy,3.2046756744384766,2.5839663,0.0,387.0,31.0
4950,multnoise_0.1,energy,4.525897026062012,4.8764243,0.0,341.0,27.0
4951,multnoise_0.1,energy,1.2171611785888672,4.7336473,0.0,393.0,20.0
4952,multnoise_0.1,energy,2.733644485473633,2.0408454,0.0,127.0,49.0
4953,multnoise_0.1,energy,3.270808696746826,4.089935,0.0,316.0,41.0
4954,multnoise_0.1,energy,2.3962085247039795,3.8537443,0.0,269.0,13.0
4955,multnoise_0.1,energy,4.880945205688477,5.1327786,0.0,212.0,31.0
4956,multnoise_0.1,energy,2.761935234069824,3.7106895,0.0,106.0,59.0
4957,multnoise_0.1,energy,2.6461844444274902,0.33979255,1.0,7.0,63.0
4958,multnoise_0.1,energy,2.743957042694092,11.653261,0.0,404.0,52.0
4959,multnoise_0.1,energy,5.08404541015625,4.2338815,0.0,233.0,28.0
4960,multnoise_0.1,energy,3.166396379470825,1.7666543,0.0,55.0,22.0
4961,multnoise_0.1,energy,1.8671166896820068,5.76525,0.0,201.0,19.0
4962,multnoise_0.1,energy,3.2604637145996094,7.6343746,0.0,178.0,12.0
4963,multnoise_0.1,energy,3.7317867279052734,10.191668,0.0,254.0,31.0
4964,multnoise_0.1,energy,2.330638885498047,0.5743813,1.0,425.0,18.0
4965,multnoise_0.1,energy,6.164318561553955,4.6382613,0.0,261.0,11.0
4966,multnoise_0.1,energy,2.7883052825927734,4.704915,0.0,122.0,6.0
4967,multnoise_0.1,energy,3.0335354804992676,0.3546793,1.0,245.0,4.0
4968,multnoise_0.1,energy,7.053864002227783,8.418125,0.0,314.0,63.0
4969,multnoise_0.1,energy,2.473836898803711,11.184301,0.0,173.0,15.0
4970,multnoise_0.1,energy,3.0201504230499268,5.0176635,0.0,218.0,41.0
4971,multnoise_0.1,energy,4.747593879699707,8.3679495,0.0,73.0,54.0
4972,multnoise_0.1,energy,5.3693013191223145,1.7360325,0.0,283.0,24.0
4973,multnoise_0.1,energy,3.675013303756714,4.251917,0.0,39.0,60.0
4974,multnoise_0.1,energy,3.0672311782836914,4.7314954,0.0,206.0,2.0
4975,multnoise_0.1,energy,3.679598808288574,7.430585,0.0,434.0,54.0
4976,multnoise_0.1,energy,2.7526192665100098,8.124134,0.0,285.0,37.0
4977,multnoise_0.1,energy,2.1351373195648193,0.90374875,1.0,208.0,4.0
4978,multnoise_0.1,energy,5.372860431671143,2.7635841,0.0,120.0,19.0
4979,multnoise_0.1,energy,2.7896904945373535,2.6918745,0.0,136.0,30.0
4980,multnoise_0.1,energy,3.590590000152588,1.5100417,1.0,290.0,62.0
4981,multnoise_0.1,energy,4.297651290893555,3.3129778,0.0,157.0,38.0
4982,multnoise_0.1,energy,3.9710769653320312,1.0443757,1.0,11.0,47.0
4983,multnoise_0.1,energy,2.8074636459350586,4.4814954,0.0,3.0,10.0
4984,multnoise_0.1,energy,3.523869037628174,0.9709395,1.0,406.0,56.0
4985,multnoise_0.1,energy,2.555368423461914,3.4947004,0.0,59.0,12.0
4986,multnoise_0.1,energy,1.703566312789917,3.8337855,0.0,398.0,31.0
4987,multnoise_0.1,energy,3.4740710258483887,4.510716,0.0,238.0,1.0
4988,multnoise_0.1,energy,1.7510409355163574,0.06212962,1.0,194.0,22.0
4989,multnoise_0.1,energy,6.102211952209473,2.6528049,0.0,411.0,63.0
4990,multnoise_0.1,energy,2.920879602432251,6.4395976,0.0,358.0,37.0
4991,multnoise_0.1,energy,1.9824888706207275,0.54281497,1.0,9.0,61.0
4992,multnoise_0.1,energy,3.743938446044922,3.9173121,0.0,176.0,58.0
4993,multnoise_0.1,energy,2.1930832862854004,2.3018405,0.0,375.0,10.0
4994,multnoise_0.1,energy,1.9847147464752197,1.3899702,0.0,207.0,29.0
4995,multnoise_0.1,energy,5.275022983551025,6.146236,0.0,224.0,20.0
4996,multnoise_0.1,energy,4.868832588195801,2.2997417,0.0,288.0,29.0
4997,multnoise_0.1,energy,2.5516247749328613,2.862217,0.0,327.0,49.0
4998,multnoise_0.1,energy,3.2339963912963867,3.6669729,0.0,50.0,38.0
4999,multnoise_0.1,energy,4.09935188293457,1.7214481,0.0,167.0,18.0
5000,multnoise_0.1,energy,3.240617513656616,1.5889897,1.0,303.0,38.0
5001,multnoise_0.1,energy,1.5843658447265625,3.7646585,0.0,250.0,31.0
5002,multnoise_0.1,energy,2.2345194816589355,3.2261076,0.0,412.0,52.0
5003,multnoise_0.1,energy,11.058964729309082,0.862779,1.0,148.0,8.0
5004,multnoise_0.1,energy,1.8298230171203613,3.140586,0.0,247.0,34.0
5005,multnoise_0.1,energy,6.230478763580322,6.470942,0.0,311.0,33.0
5006,multnoise_0.1,energy,3.081244468688965,2.9063802,0.0,389.0,51.0
5007,multnoise_0.1,energy,1.7594363689422607,1.4175316,0.0,103.0,17.0
5008,multnoise_0.1,energy,3.2183961868286133,5.7834024,0.0,360.0,58.0
5009,multnoise_0.1,energy,2.378868818283081,3.8485951,0.0,239.0,20.0
5010,multnoise_0.1,energy,7.235088348388672,3.4488587,0.0,287.0,16.0
5011,multnoise_0.1,energy,3.3487157821655273,1.1565512,1.0,68.0,61.0
5012,multnoise_0.1,energy,1.788492202758789,3.3293803,0.0,214.0,26.0
5013,multnoise_0.1,energy,1.874452829360962,4.0974607,0.0,150.0,3.0
5014,multnoise_0.1,energy,1.6557544469833374,4.7296,0.0,394.0,16.0
5015,multnoise_0.1,energy,2.2207720279693604,0.6716207,1.0,307.0,8.0
5016,multnoise_0.1,energy,2.517019271850586,3.0081065,0.0,255.0,5.0
5017,multnoise_0.1,energy,3.5631566047668457,0.011742755,1.0,6.0,22.0
5018,multnoise_0.1,energy,3.5321128368377686,3.308026,0.0,76.0,21.0
5019,multnoise_0.1,energy,1.62486732006073,3.8322282,0.0,357.0,33.0
5020,multnoise_0.1,energy,2.195162057876587,4.0030055,0.0,318.0,1.0
5021,multnoise_0.1,energy,3.6525866985321045,6.5371695,0.0,145.0,56.0
5022,multnoise_0.1,energy,1.6506965160369873,3.461258,0.0,410.0,7.0
5023,multnoise_0.1,energy,1.4600379467010498,0.9072082,1.0,131.0,21.0
5024,multnoise_0.1,energy,3.622035026550293,4.6310163,0.0,118.0,53.0
5025,multnoise_0.1,energy,1.9859344959259033,1.1379122,0.0,237.0,38.0
5026,multnoise_0.1,energy,2.7694239616394043,2.8438249,0.0,161.0,44.0
5027,multnoise_0.1,energy,4.0572638511657715,3.104248,0.0,112.0,56.0
5028,multnoise_0.1,energy,2.689547538757324,5.4925623,0.0,187.0,0.0
5029,multnoise_0.1,energy,2.1567749977111816,6.332959,0.0,284.0,37.0
5030,multnoise_0.1,energy,4.876346111297607,1.8441459,0.0,368.0,56.0
5031,multnoise_0.1,energy,2.1428709030151367,1.4932225,0.0,94.0,34.0
5032,multnoise_0.1,energy,3.4892349243164062,5.4320984,0.0,53.0,57.0
5033,multnoise_0.1,energy,3.605886459350586,0.40167838,1.0,143.0,61.0
5034,multnoise_0.1,energy,2.9202277660369873,2.037216,0.0,121.0,1.0
5035,multnoise_0.1,energy,1.8987504243850708,0.0199051,1.0,69.0,9.0
5036,multnoise_0.1,energy,1.2745354175567627,3.335705,0.0,258.0,32.0
5037,multnoise_0.1,energy,1.7169370651245117,5.42596,0.0,105.0,28.0
5038,multnoise_0.1,energy,4.0606608390808105,8.519295,0.0,62.0,57.0
5039,multnoise_0.1,energy,3.211452007293701,1.2892541,0.0,153.0,46.0
5040,multnoise_0.1,energy,2.149198055267334,0.07969859,1.0,21.0,22.0
5041,multnoise_0.1,energy,4.488113880157471,4.2863693,0.0,228.0,3.0
5042,multnoise_0.1,energy,2.2924461364746094,5.3517895,0.0,116.0,23.0
5043,multnoise_0.1,energy,1.868943214416504,3.1980867,0.0,242.0,1.0
5044,multnoise_0.1,energy,2.4078567028045654,4.348187,0.0,262.0,62.0
5045,multnoise_0.1,energy,3.84952974319458,2.1332803,0.0,418.0,1.0
5046,multnoise_0.1,energy,3.045557975769043,9.903875,0.0,344.0,37.0
5047,multnoise_0.1,energy,1.8400791883468628,5.206126,0.0,175.0,10.0
5048,multnoise_0.1,energy,2.4853029251098633,6.4110546,0.0,241.0,10.0
5049,multnoise_0.1,energy,4.603870868682861,5.996146,0.0,14.0,3.0
5050,multnoise_0.1,energy,2.0735673904418945,7.4038486,0.0,340.0,1.0
5051,multnoise_0.1,energy,2.7103476524353027,3.6939826,0.0,160.0,54.0
5052,multnoise_0.1,energy,2.9277477264404297,2.4475415,0.0,83.0,13.0
5053,multnoise_0.1,energy,1.9871861934661865,5.671138,0.0,342.0,2.0
5054,multnoise_0.1,energy,3.233867645263672,2.1628516,0.0,330.0,43.0
5055,multnoise_0.1,energy,2.866391181945801,0.74243057,1.0,427.0,62.0
5056,multnoise_0.1,energy,3.113764524459839,0.06908974,1.0,338.0,4.0
5057,multnoise_0.1,energy,3.8342952728271484,2.9940352,0.0,400.0,6.0
5058,multnoise_0.1,energy,1.782230257987976,2.530888,0.0,154.0,42.0
5059,multnoise_0.1,energy,6.989731788635254,1.6863414,0.0,58.0,6.0
5060,multnoise_0.1,energy,3.9128730297088623,7.5817747,0.0,276.0,14.0
5061,multnoise_0.1,energy,4.65885591506958,0.6666824,1.0,190.0,31.0
5062,multnoise_0.1,energy,3.607767343521118,4.15386,0.0,362.0,18.0
5063,multnoise_0.1,energy,6.016241550445557,7.5074844,0.0,292.0,15.0
5064,multnoise_0.1,energy,2.7944183349609375,2.4738073,0.0,17.0,13.0
5065,multnoise_0.1,energy,3.6180357933044434,2.9175584,0.0,355.0,31.0
5066,multnoise_0.1,energy,1.689077377319336,6.1296444,0.0,95.0,15.0
5067,multnoise_0.1,energy,6.126811981201172,5.132802,0.0,123.0,57.0
5068,multnoise_0.1,energy,2.844075918197632,6.8517714,0.0,347.0,44.0
5069,multnoise_0.1,energy,4.526739597320557,7.6157703,0.0,281.0,9.0
5070,multnoise_0.1,energy,4.709959030151367,1.0975437,0.0,41.0,58.0
5071,multnoise_0.1,energy,2.2221693992614746,4.0081472,0.0,366.0,35.0
5072,multnoise_0.1,energy,3.5867180824279785,0.20675597,1.0,109.0,18.0
5073,multnoise_0.1,energy,3.2728683948516846,4.4918714,0.0,433.0,46.0
5074,multnoise_0.1,energy,2.0149972438812256,10.572437,0.0,139.0,0.0
5075,multnoise_0.1,energy,2.3897669315338135,5.4351044,0.0,367.0,53.0
5076,multnoise_0.1,energy,3.672523021697998,5.617816,0.0,339.0,11.0
5077,multnoise_0.1,energy,2.9491701126098633,2.5904617,0.0,36.0,51.0
5078,multnoise_0.1,energy,3.4015541076660156,4.311382,0.0,304.0,57.0
5079,multnoise_0.1,energy,2.598926544189453,4.238033,0.0,401.0,41.0
5080,multnoise_0.1,energy,3.7736001014709473,0.056799475,1.0,325.0,4.0
5081,multnoise_0.1,energy,2.0143473148345947,3.243433,0.0,432.0,1.0
5082,multnoise_0.1,energy,6.591681003570557,3.4385197,0.0,196.0,12.0
5083,multnoise_0.1,energy,1.4066684246063232,0.69936067,1.0,310.0,51.0
5084,multnoise_0.1,energy,4.930868148803711,4.4230356,0.0,140.0,0.0
5085,multnoise_0.1,energy,8.5556640625,10.544574,0.0,423.0,28.0
5086,multnoise_0.1,energy,3.668609619140625,1.1622345,1.0,294.0,46.0
5087,multnoise_0.1,energy,5.133900165557861,1.8132734,0.0,266.0,1.0
5088,multnoise_0.1,energy,3.500217914581299,1.3140181,0.0,146.0,63.0
5089,multnoise_0.1,energy,1.9177149534225464,2.8122852,0.0,129.0,7.0
5090,multnoise_0.1,energy,4.099371433258057,5.7241406,0.0,90.0,58.0
5091,multnoise_0.1,energy,2.907792091369629,4.536815,0.0,274.0,15.0
5092,multnoise_0.1,energy,2.1342649459838867,2.9775422,0.0,395.0,21.0
5093,multnoise_0.1,energy,8.22124195098877,1.1535815,1.0,298.0,61.0
5094,multnoise_0.1,energy,3.1911983489990234,2.6102912,0.0,200.0,40.0
5095,multnoise_0.1,energy,2.699361801147461,11.897293,0.0,235.0,25.0
5096,multnoise_0.1,energy,3.4901814460754395,3.7635918,0.0,182.0,54.0
5097,multnoise_0.1,energy,4.8840484619140625,2.0006723,0.0,141.0,43.0
5098,multnoise_0.1,energy,6.863109111785889,6.2247024,0.0,422.0,26.0
5099,multnoise_0.1,energy,4.816530704498291,9.306683,0.0,296.0,48.0
5100,multnoise_0.1,energy,2.756269931793213,5.3227515,0.0,20.0,17.0
5101,multnoise_0.1,energy,2.983703374862671,0.098698124,1.0,289.0,9.0
5102,multnoise_0.1,energy,2.5653371810913086,1.916915,0.0,388.0,4.0
5103,multnoise_0.1,energy,2.7558627128601074,8.048641,0.0,414.0,55.0
5104,multnoise_0.1,energy,3.835721015930176,0.8699629,1.0,295.0,62.0
5105,multnoise_0.1,energy,2.627351760864258,3.0754747,0.0,137.0,3.0
5106,multnoise_0.1,energy,2.3642160892486572,4.0321717,0.0,273.0,35.0
5107,multnoise_0.1,energy,2.199493169784546,6.868774,0.0,199.0,2.0
5108,multnoise_0.1,energy,2.5238685607910156,1.6657586,0.0,309.0,34.0
5109,multnoise_0.1,energy,1.9642765522003174,4.2668304,0.0,149.0,50.0
5110,multnoise_0.1,energy,3.3830931186676025,4.0911927,0.0,26.0,47.0
5111,multnoise_0.1,energy,3.2974443435668945,2.6993203,0.0,249.0,3.0
5112,multnoise_0.1,energy,2.8546550273895264,6.2757435,0.0,430.0,45.0
5113,multnoise_0.1,energy,3.080345630645752,0.77144814,1.0,65.0,1.0
5114,multnoise_0.1,energy,4.123812675476074,3.3080726,0.0,101.0,6.0
5115,multnoise_0.1,energy,3.491508960723877,0.3375805,1.0,70.0,8.0
5116,multnoise_0.1,energy,3.066591739654541,3.0634818,0.0,183.0,16.0
5117,multnoise_0.1,energy,2.5629372596740723,9.730496,0.0,170.0,36.0
5118,multnoise_0.1,energy,2.185349225997925,3.1511543,0.0,8.0,47.0
5119,multnoise_0.1,energy,3.947415828704834,2.371777,0.0,156.0,49.0
5120,multnoise_0.1,energy,1.6565289497375488,2.9795792,0.0,379.0,3.0
5121,multnoise_0.1,energy,2.3205010890960693,2.4285488,0.0,102.0,34.0
5122,multnoise_0.1,energy,2.8356802463531494,4.6129894,0.0,198.0,60.0
5123,multnoise_0.1,energy,2.39571475982666,1.6112801,0.0,381.0,41.0
5124,multnoise_0.1,energy,3.350275993347168,1.6389894,0.0,431.0,32.0
5125,multnoise_0.1,energy,2.6319594383239746,3.1112418,0.0,88.0,44.0
5126,multnoise_0.1,energy,3.080909252166748,5.1370087,0.0,417.0,57.0
5127,multnoise_0.1,energy,3.4805805683135986,0.08827329,1.0,33.0,8.0
5128,multnoise_0.1,energy,3.7578067779541016,3.4213655,0.0,138.0,23.0
5129,multnoise_0.1,energy,3.7975220680236816,5.2489123,0.0,71.0,19.0
5130,multnoise_0.1,energy,3.7534008026123047,4.601183,0.0,343.0,55.0
5131,multnoise_0.1,energy,3.2260074615478516,0.71167505,1.0,225.0,55.0
5132,multnoise_0.1,energy,2.013258934020996,2.5143294,0.0,346.0,43.0
5133,multnoise_0.1,energy,5.521417140960693,2.1449547,0.0,384.0,21.0
5134,multnoise_0.1,energy,4.724422454833984,4.463008,0.0,231.0,48.0
5135,multnoise_0.1,energy,2.733794689178467,0.9265927,1.0,322.0,47.0
5136,multnoise_0.1,energy,2.076141595840454,1.428465,0.0,74.0,51.0
5137,multnoise_0.1,energy,3.8578433990478516,7.387351,0.0,97.0,0.0
5138,multnoise_0.1,energy,1.8689907789230347,4.2805147,0.0,405.0,50.0
5139,multnoise_0.1,energy,4.41385555267334,6.070999,0.0,329.0,18.0
5140,multnoise_0.1,energy,3.0025792121887207,11.375317,0.0,230.0,29.0
5141,multnoise_0.1,energy,4.619668960571289,3.1905804,0.0,195.0,26.0
5142,multnoise_0.1,energy,2.306077003479004,0.3275065,1.0,64.0,29.0
5143,multnoise_0.1,energy,3.3249053955078125,3.3327444,0.0,189.0,41.0
5144,multnoise_0.1,energy,9.665366172790527,3.654807,0.0,193.0,32.0
5145,multnoise_0.1,energy,3.829824686050415,0.7605273,1.0,353.0,21.0
5146,multnoise_0.1,energy,4.4431352615356445,6.8691244,0.0,243.0,45.0
5147,multnoise_0.1,energy,2.7793383598327637,0.59201235,1.0,92.0,4.0
5148,multnoise_0.1,energy,1.8452448844909668,2.751041,0.0,100.0,64.0
5149,multnoise_0.1,energy,2.3174543380737305,1.7307279,0.0,165.0,13.0
5150,multnoise_0.1,energy,1.2928262948989868,6.8864183,0.0,18.0,52.0
5151,multnoise_0.1,energy,7.102559566497803,9.725913,0.0,291.0,25.0
5152,multnoise_0.1,energy,3.644728183746338,6.9170747,0.0,326.0,37.0
5153,multnoise_0.1,energy,2.488297939300537,4.5460844,0.0,164.0,60.0
5154,multnoise_0.1,energy,2.6228015422821045,1.4928275,1.0,352.0,43.0
5155,multnoise_0.1,energy,4.8343610763549805,3.5089273,0.0,364.0,50.0
5156,multnoise_0.1,energy,3.078592300415039,2.946696,0.0,333.0,30.0
5157,multnoise_0.1,energy,1.6122949123382568,4.973175,0.0,392.0,48.0
5158,multnoise_0.1,energy,4.6166510581970215,0.9671784,1.0,79.0,22.0
5159,multnoise_0.1,energy,2.341789960861206,1.4609365,1.0,354.0,26.0
5160,multnoise_0.1,energy,4.969385147094727,8.476221,0.0,349.0,18.0
5161,multnoise_0.1,energy,3.69724702835083,0.60179883,1.0,1.0,9.0
5162,multnoise_0.1,energy,2.677527904510498,6.6933074,0.0,144.0,45.0
5163,multnoise_0.1,energy,2.6010963916778564,2.962256,0.0,191.0,24.0
5164,multnoise_0.1,energy,6.0513834953308105,2.8084872,0.0,202.0,53.0
5165,multnoise_0.1,energy,9.504974365234375,5.8026175,0.0,219.0,48.0
5166,multnoise_0.1,energy,4.024653434753418,2.0593877,0.0,391.0,26.0
5167,multnoise_0.1,energy,2.675130844116211,5.6441617,0.0,91.0,15.0
5168,multnoise_0.1,energy,1.5608799457550049,2.2441933,0.0,52.0,55.0
5169,multnoise_0.1,energy,3.100419282913208,3.2814667,0.0,29.0,51.0
5170,multnoise_0.1,energy,2.956995725631714,2.241682,0.0,12.0,30.0
5171,multnoise_0.1,energy,2.467510223388672,3.2782574,0.0,158.0,38.0
5172,multnoise_0.1,energy,3.4537887573242188,0.2576919,1.0,180.0,9.0
5173,multnoise_0.1,energy,2.53242564201355,6.0146585,0.0,126.0,48.0
5174,multnoise_0.1,energy,2.3885014057159424,2.3262827,0.0,308.0,21.0
5175,multnoise_0.1,energy,3.326230525970459,0.8775922,1.0,246.0,21.0
5176,multnoise_0.1,energy,4.1692280769348145,5.0610275,0.0,60.0,64.0
5177,multnoise_0.1,energy,4.525810241699219,1.9177912,0.0,335.0,26.0
5178,multnoise_0.1,energy,5.665206432342529,0.9734471,1.0,23.0,61.0
5179,multnoise_0.1,energy,3.971771240234375,2.4741788,0.0,66.0,60.0
5180,multnoise_0.1,energy,1.319109320640564,4.051472,0.0,119.0,46.0
5181,multnoise_0.1,energy,4.495331764221191,1.7780263,0.0,270.0,21.0
5182,multnoise_0.1,energy,3.0698628425598145,3.9422908,0.0,234.0,54.0
5183,multnoise_0.1,energy,2.072031021118164,5.605597,0.0,162.0,15.0
5184,multnoise_0.1,energy,3.07930326461792,2.0113683,0.0,85.0,42.0
5185,multnoise_0.1,energy,3.064803123474121,3.4688327,0.0,159.0,13.0
5186,multnoise_0.1,energy,2.0049076080322266,5.6965566,0.0,386.0,30.0
5187,multnoise_0.1,energy,2.5831832885742188,7.015705,0.0,133.0,55.0
5188,multnoise_0.1,energy,10.536202430725098,0.2974897,1.0,174.0,38.0
5189,multnoise_0.1,energy,2.6232151985168457,6.317713,0.0,27.0,15.0
5190,multnoise_0.1,energy,2.69869065284729,3.964265,0.0,334.0,10.0
5191,multnoise_0.1,energy,5.196904182434082,7.674196,0.0,416.0,8.0
5192,multnoise_0.1,energy,4.5767083168029785,3.0741467,0.0,223.0,54.0
5193,multnoise_0.1,energy,6.535122394561768,2.4153557,0.0,240.0,32.0
5194,multnoise_0.1,energy,2.9883384704589844,2.8315399,0.0,209.0,11.0
5195,multnoise_0.1,energy,2.1057796478271484,1.5396085,0.0,251.0,62.0
5196,multnoise_0.1,energy,2.110701560974121,3.636383,0.0,163.0,64.0
5197,multnoise_0.1,energy,4.0691118240356445,2.8495185,0.0,128.0,26.0
5198,multnoise_0.1,energy,4.656706809997559,1.8625635,0.0,428.0,7.0
5199,multnoise_0.1,energy,4.413875579833984,0.6043903,1.0,43.0,29.0
5200,multnoise_0.15000000000000002,energy,3.5966992378234863,5.2675805,0.0,383.0,52.0
5201,multnoise_0.15000000000000002,energy,3.0179877281188965,3.6965473,0.0,370.0,24.0
5202,multnoise_0.15000000000000002,energy,2.5854411125183105,3.0119114,0.0,220.0,9.0
5203,multnoise_0.15000000000000002,energy,3.21327543258667,5.61941,0.0,401.0,41.0
5204,multnoise_0.15000000000000002,energy,4.989347457885742,6.6014676,0.0,132.0,57.0
5205,multnoise_0.15000000000000002,energy,5.405429840087891,4.5355797,0.0,419.0,39.0
5206,multnoise_0.15000000000000002,energy,4.5276360511779785,3.6541266,0.0,363.0,2.0
5207,multnoise_0.15000000000000002,energy,3.7474734783172607,4.954031,0.0,19.0,28.0
5208,multnoise_0.15000000000000002,energy,5.513362407684326,3.4213789,0.0,324.0,61.0
5209,multnoise_0.15000000000000002,energy,2.7847492694854736,2.4863877,0.0,181.0,49.0
5210,multnoise_0.15000000000000002,energy,4.513096332550049,4.6205635,0.0,223.0,54.0
5211,multnoise_0.15000000000000002,energy,3.4888477325439453,0.8213173,1.0,369.0,23.0
5212,multnoise_0.15000000000000002,energy,3.087268352508545,0.009243314,1.0,211.0,18.0
5213,multnoise_0.15000000000000002,energy,3.6706104278564453,11.283079,0.0,97.0,0.0
5214,multnoise_0.15000000000000002,energy,4.229809284210205,3.1595204,0.0,117.0,59.0
5215,multnoise_0.15000000000000002,energy,4.589319229125977,7.714903,0.0,319.0,57.0
5216,multnoise_0.15000000000000002,energy,2.7930803298950195,3.2251027,0.0,8.0,47.0
5217,multnoise_0.15000000000000002,energy,2.429297685623169,5.3289433,0.0,3.0,10.0
5218,multnoise_0.15000000000000002,energy,4.684540748596191,3.496733,0.0,191.0,24.0
5219,multnoise_0.15000000000000002,energy,2.3107144832611084,2.1007879,0.0,141.0,43.0
5220,multnoise_0.15000000000000002,energy,3.0761404037475586,8.350201,0.0,110.0,20.0
5221,multnoise_0.15000000000000002,energy,4.5622429847717285,6.1029444,0.0,342.0,2.0
5222,multnoise_0.15000000000000002,energy,3.5001697540283203,4.725912,0.0,373.0,19.0
5223,multnoise_0.15000000000000002,energy,2.2435412406921387,10.212928,0.0,349.0,18.0
5224,multnoise_0.15000000000000002,energy,2.677255868911743,1.5180844,0.0,286.0,63.0
5225,multnoise_0.15000000000000002,energy,6.064291477203369,1.1180729,1.0,380.0,30.0
5226,multnoise_0.15000000000000002,energy,3.0824179649353027,5.8084316,0.0,311.0,33.0
5227,multnoise_0.15000000000000002,energy,1.8746262788772583,1.738875,1.0,415.0,32.0
5228,multnoise_0.15000000000000002,energy,3.6839542388916016,9.379659,0.0,413.0,60.0
5229,multnoise_0.15000000000000002,energy,3.4761948585510254,2.6207416,0.0,128.0,26.0
5230,multnoise_0.15000000000000002,energy,2.387079954147339,8.628117,0.0,44.0,17.0
5231,multnoise_0.15000000000000002,energy,4.707225799560547,7.724547,0.0,367.0,53.0
5232,multnoise_0.15000000000000002,energy,3.424652576446533,8.467533,0.0,178.0,12.0
5233,multnoise_0.15000000000000002,energy,4.155632972717285,3.3757017,0.0,200.0,40.0
5234,multnoise_0.15000000000000002,energy,2.5435996055603027,0.187265,1.0,64.0,29.0
5235,multnoise_0.15000000000000002,energy,1.386722207069397,0.076288424,1.0,336.0,9.0
5236,multnoise_0.15000000000000002,energy,7.776940822601318,5.0445495,0.0,271.0,31.0
5237,multnoise_0.15000000000000002,energy,1.6547472476959229,6.316037,0.0,140.0,0.0
5238,multnoise_0.15000000000000002,energy,2.765578269958496,3.142108,0.0,375.0,10.0
5239,multnoise_0.15000000000000002,energy,2.5099446773529053,6.4178805,0.0,104.0,13.0
5240,multnoise_0.15000000000000002,energy,1.7612107992172241,5.8309855,0.0,405.0,50.0
5241,multnoise_0.15000000000000002,energy,5.240824222564697,6.8125243,0.0,417.0,57.0
5242,multnoise_0.15000000000000002,energy,2.623917579650879,6.5209455,0.0,313.0,14.0
5243,multnoise_0.15000000000000002,energy,3.4427220821380615,2.9600866,0.0,379.0,3.0
5244,multnoise_0.15000000000000002,energy,3.4324235916137695,3.9660764,0.0,424.0,27.0
5245,multnoise_0.15000000000000002,energy,2.141711473464966,1.2728403,1.0,65.0,1.0
5246,multnoise_0.15000000000000002,energy,2.884838581085205,7.827072,0.0,358.0,37.0
5247,multnoise_0.15000000000000002,energy,2.841886043548584,5.13252,0.0,341.0,27.0
5248,multnoise_0.15000000000000002,energy,4.3238301277160645,2.217291,0.0,74.0,51.0
5249,multnoise_0.15000000000000002,energy,3.4112024307250977,0.0022986913,1.0,0.0,29.0
5250,multnoise_0.15000000000000002,energy,2.50085711479187,0.9019431,1.0,171.0,21.0
5251,multnoise_0.15000000000000002,energy,2.7917964458465576,5.3166075,0.0,160.0,54.0
5252,multnoise_0.15000000000000002,energy,3.2072205543518066,3.7380881,0.0,333.0,30.0
5253,multnoise_0.15000000000000002,energy,2.9131429195404053,4.8259497,0.0,183.0,16.0
5254,multnoise_0.15000000000000002,energy,3.0420289039611816,1.8133535,0.0,403.0,56.0
5255,multnoise_0.15000000000000002,energy,3.9249236583709717,3.5761127,0.0,88.0,44.0
5256,multnoise_0.15000000000000002,energy,3.8792967796325684,0.94393545,1.0,79.0,22.0
5257,multnoise_0.15000000000000002,energy,3.681910991668701,6.913109,0.0,416.0,8.0
5258,multnoise_0.15000000000000002,energy,4.2155632972717285,6.37868,0.0,280.0,25.0
5259,multnoise_0.15000000000000002,energy,3.6924352645874023,5.0455756,0.0,39.0,60.0
5260,multnoise_0.15000000000000002,energy,2.550283670425415,1.7290517,1.0,297.0,21.0
5261,multnoise_0.15000000000000002,energy,3.5035505294799805,6.1485753,0.0,206.0,2.0
5262,multnoise_0.15000000000000002,energy,1.9744399785995483,2.1271162,0.0,307.0,8.0
5263,multnoise_0.15000000000000002,energy,3.5296735763549805,6.101111,0.0,232.0,51.0
5264,multnoise_0.15000000000000002,energy,5.806694507598877,5.9261093,0.0,40.0,54.0
5265,multnoise_0.15000000000000002,energy,3.8972320556640625,11.477849,0.0,344.0,37.0
5266,multnoise_0.15000000000000002,energy,2.8989830017089844,5.3263173,0.0,275.0,10.0
5267,multnoise_0.15000000000000002,energy,2.805149555206299,3.8676474,0.0,410.0,7.0
5268,multnoise_0.15000000000000002,energy,1.8606843948364258,5.5706973,0.0,71.0,19.0
5269,multnoise_0.15000000000000002,energy,4.734561920166016,1.131611,1.0,294.0,46.0
5270,multnoise_0.15000000000000002,energy,3.2539782524108887,0.121838726,1.0,221.0,18.0
5271,multnoise_0.15000000000000002,energy,2.1926679611206055,2.9367561,0.0,209.0,11.0
5272,multnoise_0.15000000000000002,energy,1.5683221817016602,2.7815132,0.0,120.0,19.0
5273,multnoise_0.15000000000000002,energy,3.099027633666992,6.809319,0.0,53.0,57.0
5274,multnoise_0.15000000000000002,energy,4.520299911499023,5.679755,0.0,14.0,3.0
5275,multnoise_0.15000000000000002,energy,2.506294012069702,4.690947,0.0,26.0,47.0
5276,multnoise_0.15000000000000002,energy,3.275827407836914,11.197656,0.0,114.0,25.0
5277,multnoise_0.15000000000000002,energy,3.0578973293304443,12.980231,0.0,371.0,0.0
5278,multnoise_0.15000000000000002,energy,1.807124376296997,6.416038,0.0,332.0,37.0
5279,multnoise_0.15000000000000002,energy,5.8231306076049805,1.5216069,0.0,146.0,63.0
5280,multnoise_0.15000000000000002,energy,2.22346830368042,6.0724945,0.0,201.0,19.0
5281,multnoise_0.15000000000000002,energy,3.1385574340820312,13.407574,0.0,235.0,25.0
5282,multnoise_0.15000000000000002,energy,2.0966272354125977,1.3088999,0.0,272.0,4.0
5283,multnoise_0.15000000000000002,energy,5.159828186035156,1.885919,0.0,31.0,24.0
5284,multnoise_0.15000000000000002,energy,3.209312915802002,0.51224554,1.0,131.0,21.0
5285,multnoise_0.15000000000000002,energy,3.1555826663970947,4.6978197,0.0,41.0,58.0
5286,multnoise_0.15000000000000002,energy,3.2310686111450195,7.519559,0.0,414.0,55.0
5287,multnoise_0.15000000000000002,energy,2.9087471961975098,2.5746956,0.0,94.0,34.0
5288,multnoise_0.15000000000000002,energy,4.555655002593994,4.830409,0.0,236.0,18.0
5289,multnoise_0.15000000000000002,energy,3.8811402320861816,8.480067,0.0,244.0,2.0
5290,multnoise_0.15000000000000002,energy,3.8360583782196045,2.7982364,0.0,167.0,18.0
5291,multnoise_0.15000000000000002,energy,3.14674973487854,7.8321867,0.0,360.0,58.0
5292,multnoise_0.15000000000000002,energy,2.1962194442749023,2.2807255,0.0,331.0,56.0
5293,multnoise_0.15000000000000002,energy,3.3023457527160645,4.0126266,0.0,4.0,17.0
5294,multnoise_0.15000000000000002,energy,4.137153625488281,12.417013,0.0,170.0,36.0
5295,multnoise_0.15000000000000002,energy,3.078467607498169,7.1339417,0.0,78.0,1.0
5296,multnoise_0.15000000000000002,energy,3.2048544883728027,7.833661,0.0,276.0,14.0
5297,multnoise_0.15000000000000002,energy,2.976034641265869,0.4913844,1.0,70.0,8.0
5298,multnoise_0.15000000000000002,energy,2.909057140350342,3.0078197,0.0,45.0,63.0
5299,multnoise_0.15000000000000002,energy,2.2831058502197266,0.7645062,1.0,92.0,4.0
5300,multnoise_0.15000000000000002,energy,2.2598304748535156,3.834413,0.0,137.0,3.0
5301,multnoise_0.15000000000000002,energy,6.771727085113525,8.17498,0.0,172.0,48.0
5302,multnoise_0.15000000000000002,energy,2.9367804527282715,2.6170638,0.0,52.0,55.0
5303,multnoise_0.15000000000000002,energy,3.6858434677124023,3.341075,0.0,100.0,64.0
5304,multnoise_0.15000000000000002,energy,2.330333709716797,5.0783033,0.0,318.0,1.0
5305,multnoise_0.15000000000000002,energy,3.03454852104187,3.585835,0.0,264.0,32.0
5306,multnoise_0.15000000000000002,energy,3.3132381439208984,3.3576276,0.0,266.0,1.0
5307,multnoise_0.15000000000000002,energy,3.757383346557617,0.048325777,1.0,93.0,4.0
5308,multnoise_0.15000000000000002,energy,2.987170457839966,7.1780267,0.0,162.0,15.0
5309,multnoise_0.15000000000000002,energy,4.110726833343506,3.6921637,0.0,2.0,7.0
5310,multnoise_0.15000000000000002,energy,4.3028459548950195,3.7481592,0.0,355.0,31.0
5311,multnoise_0.15000000000000002,energy,2.3866357803344727,4.276318,0.0,35.0,40.0
5312,multnoise_0.15000000000000002,energy,2.344691753387451,1.5548989,0.0,148.0,8.0
5313,multnoise_0.15000000000000002,energy,2.006577491760254,8.00951,0.0,409.0,15.0
5314,multnoise_0.15000000000000002,energy,11.021081924438477,5.9341125,0.0,231.0,48.0
5315,multnoise_0.15000000000000002,energy,2.7397592067718506,1.35783,0.0,354.0,26.0
5316,multnoise_0.15000000000000002,energy,3.587123155593872,6.681299,0.0,28.0,50.0
5317,multnoise_0.15000000000000002,energy,2.5560545921325684,6.2997484,0.0,108.0,57.0
5318,multnoise_0.15000000000000002,energy,2.2254137992858887,4.7222085,0.0,142.0,41.0
5319,multnoise_0.15000000000000002,energy,6.142488956451416,5.524054,0.0,334.0,10.0
5320,multnoise_0.15000000000000002,energy,2.254977226257324,8.772866,0.0,144.0,45.0
5321,multnoise_0.15000000000000002,energy,2.180121898651123,6.494423,0.0,374.0,20.0
5322,multnoise_0.15000000000000002,energy,2.020578384399414,5.7042685,0.0,396.0,33.0
5323,multnoise_0.15000000000000002,energy,2.856623649597168,5.5184774,0.0,20.0,17.0
5324,multnoise_0.15000000000000002,energy,2.4068100452423096,3.3798954,0.0,121.0,1.0
5325,multnoise_0.15000000000000002,energy,2.498230457305908,2.9154983,0.0,350.0,55.0
5326,multnoise_0.15000000000000002,energy,3.676414966583252,1.2601641,1.0,103.0,17.0
5327,multnoise_0.15000000000000002,energy,2.552903652191162,2.9608269,0.0,240.0,32.0
5328,multnoise_0.15000000000000002,energy,3.029510974884033,4.347864,0.0,316.0,41.0
5329,multnoise_0.15000000000000002,energy,2.2485971450805664,1.1074195,0.0,24.0,22.0
5330,multnoise_0.15000000000000002,energy,3.953439235687256,1.4022948,0.0,368.0,56.0
5331,multnoise_0.15000000000000002,energy,2.7608776092529297,3.5661721,0.0,327.0,49.0
5332,multnoise_0.15000000000000002,energy,3.9049739837646484,5.15675,0.0,305.0,54.0
5333,multnoise_0.15000000000000002,energy,2.6103296279907227,1.5404481,1.0,345.0,21.0
5334,multnoise_0.15000000000000002,energy,1.9608838558197021,6.2319503,0.0,386.0,30.0
5335,multnoise_0.15000000000000002,energy,2.461456537246704,2.4869661,0.0,346.0,43.0
5336,multnoise_0.15000000000000002,energy,5.093466281890869,6.3726673,0.0,339.0,11.0
5337,multnoise_0.15000000000000002,energy,1.539150595664978,6.38654,0.0,277.0,12.0
5338,multnoise_0.15000000000000002,energy,4.000118255615234,3.132235,0.0,361.0,39.0
5339,multnoise_0.15000000000000002,energy,2.376918315887451,1.2657317,1.0,406.0,56.0
5340,multnoise_0.15000000000000002,energy,2.143083095550537,1.6036541,1.0,352.0,43.0
5341,multnoise_0.15000000000000002,energy,3.704803943634033,0.5169539,1.0,315.0,6.0
5342,multnoise_0.15000000000000002,energy,3.7526755332946777,1.1726642,1.0,38.0,56.0
5343,multnoise_0.15000000000000002,energy,2.716763496398926,13.5352125,0.0,230.0,29.0
5344,multnoise_0.15000000000000002,energy,3.326563835144043,1.4773422,0.0,9.0,61.0
5345,multnoise_0.15000000000000002,energy,7.686722755432129,1.8181534,0.0,237.0,38.0
5346,multnoise_0.15000000000000002,energy,3.488461971282959,0.53030056,1.0,246.0,21.0
5347,multnoise_0.15000000000000002,energy,3.2268314361572266,2.7809253,0.0,17.0,13.0
5348,multnoise_0.15000000000000002,energy,2.984550952911377,2.0383458,0.0,435.0,61.0
5349,multnoise_0.15000000000000002,energy,3.3308279514312744,9.238846,0.0,285.0,37.0
5350,multnoise_0.15000000000000002,energy,5.383096218109131,6.9699802,0.0,118.0,53.0
5351,multnoise_0.15000000000000002,energy,2.724642276763916,3.9717224,0.0,67.0,53.0
5352,multnoise_0.15000000000000002,energy,2.5897932052612305,2.377133,0.0,226.0,47.0
5353,multnoise_0.15000000000000002,energy,4.41596794128418,2.8525913,0.0,283.0,24.0
5354,multnoise_0.15000000000000002,energy,4.186739921569824,6.4487944,0.0,402.0,23.0
5355,multnoise_0.15000000000000002,energy,3.1553571224212646,5.6413565,0.0,364.0,50.0
5356,multnoise_0.15000000000000002,energy,3.58560848236084,7.46109,0.0,91.0,15.0
5357,multnoise_0.15000000000000002,energy,3.1558165550231934,5.187364,0.0,202.0,53.0
5358,multnoise_0.15000000000000002,energy,4.3765764236450195,7.0115013,0.0,47.0,61.0
5359,multnoise_0.15000000000000002,energy,4.7223944664001465,11.440423,0.0,359.0,48.0
5360,multnoise_0.15000000000000002,energy,3.162078380584717,4.5708094,0.0,49.0,34.0
5361,multnoise_0.15000000000000002,energy,2.307760000228882,1.8429856,0.0,16.0,32.0
5362,multnoise_0.15000000000000002,energy,3.588629722595215,1.8982573,0.0,328.0,8.0
5363,multnoise_0.15000000000000002,energy,3.240074396133423,0.48625895,1.0,37.0,18.0
5364,multnoise_0.15000000000000002,energy,3.255310535430908,1.6265588,0.0,208.0,4.0
5365,multnoise_0.15000000000000002,energy,2.4917783737182617,0.041835617,1.0,320.0,18.0
5366,multnoise_0.15000000000000002,energy,2.994187831878662,0.116943024,1.0,289.0,9.0
5367,multnoise_0.15000000000000002,energy,3.30031156539917,7.30252,0.0,133.0,55.0
5368,multnoise_0.15000000000000002,energy,2.677802085876465,2.982842,0.0,249.0,3.0
5369,multnoise_0.15000000000000002,energy,2.449704647064209,9.030599,0.0,430.0,45.0
5370,multnoise_0.15000000000000002,energy,4.337068557739258,8.120538,0.0,219.0,48.0
5371,multnoise_0.15000000000000002,energy,3.2669670581817627,3.1768072,0.0,136.0,30.0
5372,multnoise_0.15000000000000002,energy,1.6745939254760742,4.7410073,0.0,306.0,12.0
5373,multnoise_0.15000000000000002,energy,3.8029327392578125,10.591904,0.0,301.0,7.0
5374,multnoise_0.15000000000000002,energy,5.105993270874023,1.5692732,0.0,308.0,21.0
5375,multnoise_0.15000000000000002,energy,2.5251781940460205,8.63013,0.0,10.0,37.0
5376,multnoise_0.15000000000000002,energy,3.0726637840270996,4.7692866,0.0,274.0,15.0
5377,multnoise_0.15000000000000002,energy,3.34102725982666,6.2528405,0.0,116.0,23.0
5378,multnoise_0.15000000000000002,energy,3.1698527336120605,4.1020637,0.0,124.0,5.0
5379,multnoise_0.15000000000000002,energy,2.3335134983062744,4.77912,0.0,96.0,40.0
5380,multnoise_0.15000000000000002,energy,2.446086883544922,1.4011705,0.0,190.0,31.0
5381,multnoise_0.15000000000000002,energy,3.894994020462036,2.154164,0.0,63.0,62.0
5382,multnoise_0.15000000000000002,energy,3.9672083854675293,2.4389324,0.0,391.0,26.0
5383,multnoise_0.15000000000000002,energy,3.6402485370635986,1.8217614,0.0,298.0,61.0
5384,multnoise_0.15000000000000002,energy,2.313849687576294,5.4958344,0.0,212.0,31.0
5385,multnoise_0.15000000000000002,energy,2.6504855155944824,4.122896,0.0,279.0,5.0
5386,multnoise_0.15000000000000002,energy,3.9309794902801514,0.08547294,1.0,30.0,8.0
5387,multnoise_0.15000000000000002,energy,1.7189593315124512,2.9943705,0.0,101.0,6.0
5388,multnoise_0.15000000000000002,energy,2.9971885681152344,8.751789,0.0,187.0,0.0
5389,multnoise_0.15000000000000002,energy,2.480928421020508,3.0389204,0.0,418.0,1.0
5390,multnoise_0.15000000000000002,energy,6.224195957183838,1.1710399,1.0,1.0,9.0
5391,multnoise_0.15000000000000002,energy,5.3175554275512695,4.5945225,0.0,269.0,13.0
5392,multnoise_0.15000000000000002,energy,4.670348167419434,1.5987852,1.0,184.0,9.0
5393,multnoise_0.15000000000000002,energy,3.541442394256592,8.262935,0.0,256.0,7.0
5394,multnoise_0.15000000000000002,energy,3.319242000579834,8.206436,0.0,292.0,15.0
5395,multnoise_0.15000000000000002,energy,2.4006576538085938,5.2265897,0.0,48.0,28.0
5396,multnoise_0.15000000000000002,energy,2.986614465713501,4.2821,0.0,205.0,3.0
5397,multnoise_0.15000000000000002,energy,3.6651322841644287,1.8163111,0.0,23.0,61.0
5398,multnoise_0.15000000000000002,energy,2.645904541015625,3.525612,0.0,112.0,56.0
5399,multnoise_0.15000000000000002,energy,2.7495555877685547,10.776258,0.0,265.0,53.0
5400,multnoise_0.15000000000000002,energy,3.3754379749298096,2.4071817,0.0,127.0,49.0
5401,multnoise_0.15000000000000002,energy,2.732910394668579,4.783002,0.0,262.0,62.0
5402,multnoise_0.15000000000000002,energy,5.298101425170898,4.60465,0.0,234.0,54.0
5403,multnoise_0.15000000000000002,energy,6.286407470703125,6.203144,0.0,22.0,16.0
5404,multnoise_0.15000000000000002,energy,5.110719680786133,2.9013815,0.0,158.0,38.0
5405,multnoise_0.15000000000000002,energy,2.595090627670288,3.6598701,0.0,433.0,46.0
5406,multnoise_0.15000000000000002,energy,3.3389170169830322,7.6414027,0.0,84.0,0.0
5407,multnoise_0.15000000000000002,energy,4.628259181976318,9.788747,0.0,126.0,48.0
5408,multnoise_0.15000000000000002,energy,5.775506496429443,3.4527242,0.0,5.0,51.0
5409,multnoise_0.15000000000000002,energy,4.294589996337891,4.919704,0.0,239.0,20.0
5410,multnoise_0.15000000000000002,energy,2.769484281539917,2.8947673,0.0,335.0,26.0
5411,multnoise_0.15000000000000002,energy,5.543041229248047,5.4106364,0.0,135.0,1.0
5412,multnoise_0.15000000000000002,energy,2.0306379795074463,0.29276437,1.0,180.0,9.0
5413,multnoise_0.15000000000000002,energy,3.00057315826416,2.6366587,0.0,395.0,21.0
5414,multnoise_0.15000000000000002,energy,2.5550174713134766,7.280785,0.0,105.0,28.0
5415,multnoise_0.15000000000000002,energy,2.7305970191955566,4.1849356,0.0,300.0,49.0
5416,multnoise_0.15000000000000002,energy,4.634056091308594,5.3530016,0.0,323.0,27.0
5417,multnoise_0.15000000000000002,energy,4.0769734382629395,9.835484,0.0,420.0,57.0
5418,multnoise_0.15000000000000002,energy,3.336008310317993,2.523529,0.0,290.0,62.0
5419,multnoise_0.15000000000000002,energy,4.981202125549316,8.873832,0.0,86.0,36.0
5420,multnoise_0.15000000000000002,energy,2.1599559783935547,0.9231285,1.0,427.0,62.0
5421,multnoise_0.15000000000000002,energy,1.6169414520263672,3.6744041,0.0,161.0,44.0
5422,multnoise_0.15000000000000002,energy,3.486279010772705,2.6769862,0.0,303.0,38.0
5423,multnoise_0.15000000000000002,energy,3.325237274169922,10.955996,0.0,254.0,31.0
5424,multnoise_0.15000000000000002,energy,2.914480209350586,5.493182,0.0,125.0,14.0
5425,multnoise_0.15000000000000002,energy,2.849923610687256,7.8627853,0.0,393.0,20.0
5426,multnoise_0.15000000000000002,energy,2.9261655807495117,1.6336629,0.0,166.0,63.0
5427,multnoise_0.15000000000000002,energy,2.502253293991089,3.613512,0.0,189.0,41.0
5428,multnoise_0.15000000000000002,energy,3.224978446960449,7.606261,0.0,326.0,37.0
5429,multnoise_0.15000000000000002,energy,2.672459602355957,0.15386379,1.0,325.0,4.0
5430,multnoise_0.15000000000000002,energy,2.2787394523620605,0.1926209,1.0,257.0,8.0
5431,multnoise_0.15000000000000002,energy,6.562392234802246,1.7003831,1.0,217.0,9.0
5432,multnoise_0.15000000000000002,energy,3.854311227798462,11.42577,0.0,382.0,53.0
5433,multnoise_0.15000000000000002,energy,3.2033047676086426,4.765897,0.0,321.0,10.0
5434,multnoise_0.15000000000000002,energy,3.2900185585021973,10.082194,0.0,99.0,28.0
5435,multnoise_0.15000000000000002,energy,1.4909617900848389,6.278577,0.0,203.0,39.0
5436,multnoise_0.15000000000000002,energy,4.1766886711120605,4.439841,0.0,51.0,30.0
5437,multnoise_0.15000000000000002,energy,2.4226274490356445,13.489189,0.0,139.0,0.0
5438,multnoise_0.15000000000000002,energy,3.3913090229034424,5.2435174,0.0,149.0,50.0
5439,multnoise_0.15000000000000002,energy,2.777454376220703,4.7668343,0.0,258.0,32.0
5440,multnoise_0.15000000000000002,energy,3.0431790351867676,4.326245,0.0,61.0,63.0
5441,multnoise_0.15000000000000002,energy,2.16338849067688,1.5633137,0.0,330.0,43.0
5442,multnoise_0.15000000000000002,energy,2.3304412364959717,1.032339,1.0,207.0,29.0
5443,multnoise_0.15000000000000002,energy,4.374138355255127,8.851971,0.0,281.0,9.0
5444,multnoise_0.15000000000000002,energy,2.337852954864502,3.970943,0.0,366.0,35.0
5445,multnoise_0.15000000000000002,energy,3.004484176635742,4.6887226,0.0,227.0,5.0
5446,multnoise_0.15000000000000002,energy,3.721653699874878,3.5940106,0.0,192.0,58.0
5447,multnoise_0.15000000000000002,energy,4.202118873596191,2.5854814,0.0,83.0,13.0
5448,multnoise_0.15000000000000002,energy,3.9660470485687256,6.215238,0.0,299.0,2.0
5449,multnoise_0.15000000000000002,energy,3.2450757026672363,3.3312685,0.0,412.0,52.0
5450,multnoise_0.15000000000000002,energy,3.3444957733154297,2.4504347,0.0,365.0,6.0
5451,multnoise_0.15000000000000002,energy,4.564645767211914,2.5922875,0.0,168.0,9.0
5452,multnoise_0.15000000000000002,energy,4.206149578094482,1.4692541,1.0,310.0,51.0
5453,multnoise_0.15000000000000002,energy,3.6912193298339844,5.6306696,0.0,312.0,1.0
5454,multnoise_0.15000000000000002,energy,3.368774175643921,5.905329,0.0,378.0,11.0
5455,multnoise_0.15000000000000002,energy,3.8871800899505615,7.096779,0.0,90.0,58.0
5456,multnoise_0.15000000000000002,energy,2.9029579162597656,0.06898494,1.0,57.0,29.0
5457,multnoise_0.15000000000000002,energy,2.037240982055664,4.7512083,0.0,164.0,60.0
5458,multnoise_0.15000000000000002,energy,7.027749061584473,4.4841247,0.0,376.0,50.0
5459,multnoise_0.15000000000000002,energy,3.9447343349456787,4.11979,0.0,273.0,35.0
5460,multnoise_0.15000000000000002,energy,4.739112377166748,0.79677504,1.0,372.0,30.0
5461,multnoise_0.15000000000000002,energy,4.05016565322876,1.2560866,0.0,13.0,46.0
5462,multnoise_0.15000000000000002,energy,2.479130268096924,4.5657854,0.0,163.0,64.0
5463,multnoise_0.15000000000000002,energy,4.181410312652588,4.956482,0.0,432.0,1.0
5464,multnoise_0.15000000000000002,energy,3.5160953998565674,3.803905,0.0,122.0,6.0
5465,multnoise_0.15000000000000002,energy,3.140666961669922,0.839738,0.0,33.0,8.0
5466,multnoise_0.15000000000000002,energy,3.1484131813049316,4.663088,0.0,242.0,1.0
5467,multnoise_0.15000000000000002,energy,3.22745418548584,5.3863106,0.0,89.0,61.0
5468,multnoise_0.15000000000000002,energy,2.1990485191345215,0.21595837,1.0,80.0,29.0
5469,multnoise_0.15000000000000002,energy,3.964831590652466,2.8020425,0.0,388.0,4.0
5470,multnoise_0.15000000000000002,energy,1.852512240409851,4.283246,0.0,182.0,54.0
5471,multnoise_0.15000000000000002,energy,2.3676764965057373,3.8092911,0.0,119.0,46.0
5472,multnoise_0.15000000000000002,energy,1.7875916957855225,4.200187,0.0,107.0,5.0
5473,multnoise_0.15000000000000002,energy,3.7675204277038574,0.019717405,1.0,6.0,22.0
5474,multnoise_0.15000000000000002,energy,3.3462095260620117,5.692173,0.0,238.0,1.0
5475,multnoise_0.15000000000000002,energy,3.7483408451080322,4.0146203,0.0,106.0,59.0
5476,multnoise_0.15000000000000002,energy,3.8338563442230225,3.5885205,0.0,309.0,34.0
5477,multnoise_0.15000000000000002,energy,6.801234722137451,3.4039738,0.0,56.0,26.0
5478,multnoise_0.15000000000000002,energy,2.7846157550811768,4.3541965,0.0,263.0,35.0
5479,multnoise_0.15000000000000002,energy,4.404577732086182,4.4584928,0.0,398.0,31.0
5480,multnoise_0.15000000000000002,energy,2.5201683044433594,5.05702,0.0,229.0,60.0
5481,multnoise_0.15000000000000002,energy,4.110650539398193,5.764311,0.0,82.0,11.0
5482,multnoise_0.15000000000000002,energy,2.459423303604126,3.565507,0.0,129.0,7.0
5483,multnoise_0.15000000000000002,energy,2.2441625595092773,12.2762785,0.0,147.0,48.0
5484,multnoise_0.15000000000000002,energy,2.9626641273498535,9.916388,0.0,62.0,57.0
5485,multnoise_0.15000000000000002,energy,3.3372275829315186,2.4367251,0.0,98.0,6.0
5486,multnoise_0.15000000000000002,energy,2.633273124694824,4.780614,0.0,362.0,18.0
5487,multnoise_0.15000000000000002,energy,2.433363437652588,3.6420918,0.0,259.0,64.0
5488,multnoise_0.15000000000000002,energy,3.2774243354797363,5.559151,0.0,218.0,41.0
5489,multnoise_0.15000000000000002,energy,2.596421957015991,5.3425736,0.0,213.0,28.0
5490,multnoise_0.15000000000000002,energy,3.748101234436035,4.0328526,0.0,159.0,13.0
5491,multnoise_0.15000000000000002,energy,3.6449785232543945,5.469242,0.0,134.0,28.0
5492,multnoise_0.15000000000000002,energy,3.6671323776245117,1.0516571,1.0,222.0,21.0
5493,multnoise_0.15000000000000002,energy,3.2526259422302246,12.24333,0.0,177.0,45.0
5494,multnoise_0.15000000000000002,energy,3.50789213180542,2.468906,0.0,411.0,63.0
5495,multnoise_0.15000000000000002,energy,5.506977558135986,2.5782309,0.0,248.0,30.0
5496,multnoise_0.15000000000000002,energy,1.7747493982315063,4.500501,0.0,407.0,33.0
5497,multnoise_0.15000000000000002,energy,3.090914249420166,4.521565,0.0,351.0,41.0
5498,multnoise_0.15000000000000002,energy,3.5011115074157715,2.5433614,0.0,428.0,7.0
5499,multnoise_0.15000000000000002,energy,2.8138527870178223,2.68999,0.0,421.0,32.0
5500,multnoise_0.15000000000000002,energy,1.9986770153045654,9.866179,0.0,243.0,45.0
5501,multnoise_0.15000000000000002,energy,2.870668649673462,12.38292,0.0,291.0,25.0
5502,multnoise_0.15000000000000002,energy,2.6111040115356445,0.037531063,1.0,69.0,9.0
5503,multnoise_0.15000000000000002,energy,4.028108596801758,1.1969184,0.0,270.0,21.0
5504,multnoise_0.15000000000000002,energy,3.0872254371643066,4.4384828,0.0,150.0,3.0
5505,multnoise_0.15000000000000002,energy,2.2826476097106934,5.489209,0.0,130.0,54.0
5506,multnoise_0.15000000000000002,energy,3.8216614723205566,6.504547,0.0,253.0,11.0
5507,multnoise_0.15000000000000002,energy,3.5110549926757812,1.9531373,0.0,337.0,43.0
5508,multnoise_0.15000000000000002,energy,1.9354194402694702,3.1940536,0.0,115.0,24.0
5509,multnoise_0.15000000000000002,energy,2.609639883041382,3.3093228,0.0,59.0,12.0
5510,multnoise_0.15000000000000002,energy,3.957796812057495,8.331927,0.0,356.0,50.0
5511,multnoise_0.15000000000000002,energy,4.5841803550720215,6.2306623,0.0,151.0,44.0
5512,multnoise_0.15000000000000002,energy,4.181148529052734,5.737756,0.0,87.0,42.0
5513,multnoise_0.15000000000000002,energy,7.726563930511475,1.6223798,1.0,113.0,22.0
5514,multnoise_0.15000000000000002,energy,3.367196559906006,3.393804,0.0,169.0,62.0
5515,multnoise_0.15000000000000002,energy,5.42960262298584,4.91933,0.0,193.0,32.0
5516,multnoise_0.15000000000000002,energy,2.675480842590332,3.0648332,0.0,72.0,43.0
5517,multnoise_0.15000000000000002,energy,3.723301887512207,2.1288078,0.0,25.0,30.0
5518,multnoise_0.15000000000000002,energy,3.6711935997009277,3.955984,0.0,268.0,60.0
5519,multnoise_0.15000000000000002,energy,2.3784399032592773,5.3433943,0.0,15.0,17.0
5520,multnoise_0.15000000000000002,energy,3.047123908996582,2.8397381,0.0,302.0,14.0
5521,multnoise_0.15000000000000002,energy,4.542516708374023,4.4096756,0.0,102.0,34.0
5522,multnoise_0.15000000000000002,energy,8.044356346130371,3.4023914,0.0,36.0,51.0
5523,multnoise_0.15000000000000002,energy,2.210724353790283,2.8465505,0.0,66.0,60.0
5524,multnoise_0.15000000000000002,energy,4.537074089050293,3.8810515,0.0,138.0,23.0
5525,multnoise_0.15000000000000002,energy,9.257784843444824,4.7433147,0.0,247.0,34.0
5526,multnoise_0.15000000000000002,energy,2.2324633598327637,1.2662592,0.0,153.0,46.0
5527,multnoise_0.15000000000000002,energy,2.8968210220336914,5.688313,0.0,394.0,16.0
5528,multnoise_0.15000000000000002,energy,1.2621577978134155,2.0874975,0.0,58.0,6.0
5529,multnoise_0.15000000000000002,energy,3.1112422943115234,3.4391305,0.0,46.0,8.0
5530,multnoise_0.15000000000000002,energy,3.8736748695373535,11.61597,0.0,404.0,52.0
5531,multnoise_0.15000000000000002,energy,3.0997557640075684,6.8760815,0.0,392.0,48.0
5532,multnoise_0.15000000000000002,energy,5.5842413902282715,2.3964937,0.0,385.0,3.0
5533,multnoise_0.15000000000000002,energy,3.007256269454956,6.382616,0.0,123.0,57.0
5534,multnoise_0.15000000000000002,energy,3.3628344535827637,0.93884254,1.0,425.0,18.0
5535,multnoise_0.15000000000000002,energy,3.5690228939056396,8.235697,0.0,340.0,1.0
5536,multnoise_0.15000000000000002,energy,2.5101706981658936,2.4400437,0.0,185.0,11.0
5537,multnoise_0.15000000000000002,energy,2.625138759613037,6.068199,0.0,198.0,60.0
5538,multnoise_0.15000000000000002,energy,3.3046908378601074,0.9368696,1.0,11.0,47.0
5539,multnoise_0.15000000000000002,energy,3.5625243186950684,3.0561018,0.0,76.0,21.0
5540,multnoise_0.15000000000000002,energy,3.0372815132141113,2.8236709,0.0,400.0,6.0
5541,multnoise_0.15000000000000002,energy,3.4209702014923096,5.5480604,0.0,175.0,10.0
5542,multnoise_0.15000000000000002,energy,3.4741392135620117,1.0078154,1.0,143.0,61.0
5543,multnoise_0.15000000000000002,energy,4.170558452606201,3.6444335,0.0,29.0,51.0
5544,multnoise_0.15000000000000002,energy,2.3337810039520264,13.4626255,0.0,173.0,15.0
5545,multnoise_0.15000000000000002,energy,2.6961498260498047,8.288814,0.0,42.0,58.0
5546,multnoise_0.15000000000000002,energy,3.8921947479248047,8.512037,0.0,429.0,34.0
5547,multnoise_0.15000000000000002,energy,3.7201271057128906,0.11986539,1.0,34.0,4.0
5548,multnoise_0.15000000000000002,energy,3.263683795928955,8.676424,0.0,199.0,2.0
5549,multnoise_0.15000000000000002,energy,3.511201858520508,3.587891,0.0,387.0,31.0
5550,multnoise_0.15000000000000002,energy,2.220745325088501,7.5499825,0.0,399.0,31.0
5551,multnoise_0.15000000000000002,energy,2.0263524055480957,1.8374202,1.0,215.0,39.0
5552,multnoise_0.15000000000000002,energy,1.5431312322616577,6.6284747,0.0,224.0,20.0
5553,multnoise_0.15000000000000002,energy,2.276118278503418,0.8143075,1.0,210.0,14.0
5554,multnoise_0.15000000000000002,energy,3.637904644012451,5.8880606,0.0,422.0,26.0
5555,multnoise_0.15000000000000002,energy,3.390524387359619,7.3149076,0.0,314.0,63.0
5556,multnoise_0.15000000000000002,energy,3.703528881072998,0.072099894,1.0,194.0,22.0
5557,multnoise_0.15000000000000002,energy,3.533353090286255,0.24994923,1.0,245.0,4.0
5558,multnoise_0.15000000000000002,energy,1.4761303663253784,5.3558173,0.0,111.0,11.0
5559,multnoise_0.15000000000000002,energy,3.1781680583953857,3.041133,0.0,195.0,26.0
5560,multnoise_0.15000000000000002,energy,5.63706636428833,1.6199527,0.0,251.0,62.0
5561,multnoise_0.15000000000000002,energy,6.80025053024292,3.6848679,0.0,154.0,42.0
5562,multnoise_0.15000000000000002,energy,3.0058162212371826,0.8277741,1.0,216.0,22.0
5563,multnoise_0.15000000000000002,energy,2.5947914123535156,4.619967,0.0,317.0,17.0
5564,multnoise_0.15000000000000002,energy,4.254998683929443,5.9175076,0.0,197.0,52.0
5565,multnoise_0.15000000000000002,energy,4.351203918457031,12.311142,0.0,296.0,48.0
5566,multnoise_0.15000000000000002,energy,3.455129384994507,6.1498175,0.0,145.0,56.0
5567,multnoise_0.15000000000000002,energy,2.260148048400879,3.8336763,0.0,54.0,20.0
5568,multnoise_0.15000000000000002,energy,2.0974647998809814,2.2145371,0.0,381.0,41.0
5569,multnoise_0.15000000000000002,energy,1.932491421699524,5.1472187,0.0,282.0,56.0
5570,multnoise_0.15000000000000002,energy,3.0258519649505615,2.4463398,0.0,288.0,29.0
5571,multnoise_0.15000000000000002,energy,3.848677635192871,4.3674393,0.0,196.0,12.0
5572,multnoise_0.15000000000000002,energy,2.229146957397461,5.610408,0.0,77.0,48.0
5573,multnoise_0.15000000000000002,energy,2.841280698776245,2.7058825,0.0,278.0,46.0
5574,multnoise_0.15000000000000002,energy,3.0706067085266113,2.10049,0.0,377.0,43.0
5575,multnoise_0.15000000000000002,energy,6.573578357696533,3.765839,0.0,50.0,38.0
5576,multnoise_0.15000000000000002,energy,2.728618621826172,4.586871,0.0,261.0,11.0
5577,multnoise_0.15000000000000002,energy,2.590019464492798,9.822922,0.0,397.0,36.0
5578,multnoise_0.15000000000000002,energy,2.260848045349121,0.98578477,1.0,109.0,18.0
5579,multnoise_0.15000000000000002,energy,2.3647000789642334,7.857563,0.0,408.0,37.0
5580,multnoise_0.15000000000000002,energy,3.076691150665283,8.031422,0.0,284.0,37.0
5581,multnoise_0.15000000000000002,energy,3.2403995990753174,3.5146122,0.0,252.0,47.0
5582,multnoise_0.15000000000000002,energy,2.277305841445923,8.608046,0.0,434.0,54.0
5583,multnoise_0.15000000000000002,energy,7.541350841522217,8.4853325,0.0,155.0,52.0
5584,multnoise_0.15000000000000002,energy,1.3483160734176636,0.8374059,1.0,322.0,47.0
5585,multnoise_0.15000000000000002,energy,5.114911079406738,0.932237,1.0,295.0,62.0
5586,multnoise_0.15000000000000002,energy,2.7374398708343506,0.12484595,1.0,21.0,22.0
5587,multnoise_0.15000000000000002,energy,2.9582109451293945,9.281003,0.0,73.0,54.0
5588,multnoise_0.15000000000000002,energy,2.990112781524658,7.1160183,0.0,347.0,44.0
5589,multnoise_0.15000000000000002,energy,2.940443992614746,3.2028146,0.0,75.0,7.0
5590,multnoise_0.15000000000000002,energy,1.7248022556304932,5.7052565,0.0,426.0,15.0
5591,multnoise_0.15000000000000002,energy,2.6307568550109863,6.1286697,0.0,348.0,55.0
5592,multnoise_0.15000000000000002,energy,5.858080863952637,3.8641148,0.0,186.0,7.0
5593,multnoise_0.15000000000000002,energy,1.9852560758590698,4.907629,0.0,233.0,28.0
5594,multnoise_0.15000000000000002,energy,2.9769234657287598,0.55792046,1.0,174.0,38.0
5595,multnoise_0.15000000000000002,energy,4.419567108154297,3.8781984,0.0,250.0,31.0
5596,multnoise_0.15000000000000002,energy,2.453782320022583,0.85692,1.0,43.0,29.0
5597,multnoise_0.15000000000000002,energy,3.488452911376953,6.3423,0.0,32.0,20.0
5598,multnoise_0.15000000000000002,energy,3.9160611629486084,0.07284199,1.0,338.0,4.0
5599,multnoise_0.15000000000000002,energy,3.11698055267334,1.133603,1.0,384.0,21.0
5600,multnoise_0.15000000000000002,energy,4.091853618621826,0.54752064,1.0,225.0,55.0
5601,multnoise_0.15000000000000002,energy,2.724224328994751,2.9739542,0.0,188.0,42.0
5602,multnoise_0.15000000000000002,energy,6.142560005187988,3.4236946,0.0,357.0,33.0
5603,multnoise_0.15000000000000002,energy,3.533583641052246,3.2255654,0.0,353.0,21.0
5604,multnoise_0.15000000000000002,energy,2.5752816200256348,4.867377,0.0,389.0,51.0
5605,multnoise_0.15000000000000002,energy,3.5574519634246826,5.9885902,0.0,260.0,32.0
5606,multnoise_0.15000000000000002,energy,2.3995728492736816,5.855214,0.0,179.0,28.0
5607,multnoise_0.15000000000000002,energy,1.9399869441986084,3.4405723,0.0,228.0,3.0
5608,multnoise_0.15000000000000002,energy,2.0977141857147217,1.6735164,0.0,12.0,30.0
5609,multnoise_0.15000000000000002,energy,2.324913501739502,5.154565,0.0,343.0,55.0
5610,multnoise_0.15000000000000002,energy,1.8607513904571533,10.187298,0.0,204.0,34.0
5611,multnoise_0.15000000000000002,energy,1.8472568988800049,12.091926,0.0,423.0,28.0
5612,multnoise_0.15000000000000002,energy,3.458453893661499,7.1486216,0.0,18.0,52.0
5613,multnoise_0.15000000000000002,energy,3.6630568504333496,3.2247815,0.0,214.0,26.0
5614,multnoise_0.15000000000000002,energy,3.5841760635375977,6.1472473,0.0,304.0,57.0
5615,multnoise_0.15000000000000002,energy,3.919065475463867,1.8264638,0.0,165.0,13.0
5616,multnoise_0.15000000000000002,energy,3.3018693923950195,7.083445,0.0,329.0,18.0
5617,multnoise_0.15000000000000002,energy,2.077437162399292,1.7536814,0.0,68.0,61.0
5618,multnoise_0.15000000000000002,energy,4.145922660827637,2.531449,0.0,431.0,32.0
5619,multnoise_0.15000000000000002,energy,3.514493227005005,10.152135,0.0,152.0,52.0
5620,multnoise_0.15000000000000002,energy,3.5434019565582275,7.333845,0.0,27.0,15.0
5621,multnoise_0.15000000000000002,energy,2.867602586746216,5.2894974,0.0,293.0,17.0
5622,multnoise_0.15000000000000002,energy,3.5871756076812744,3.2958264,0.0,156.0,49.0
5623,multnoise_0.15000000000000002,energy,2.7528514862060547,6.9949365,0.0,241.0,10.0
5624,multnoise_0.15000000000000002,energy,3.635145425796509,0.6019683,1.0,7.0,63.0
5625,multnoise_0.15000000000000002,energy,4.801690578460693,4.035557,0.0,255.0,5.0
5626,multnoise_0.15000000000000002,energy,3.1018733978271484,5.843131,0.0,60.0,64.0
5627,multnoise_0.15000000000000002,energy,3.922950267791748,1.3597412,0.0,55.0,22.0
5628,multnoise_0.15000000000000002,energy,4.840734481811523,4.368256,0.0,287.0,16.0
5629,multnoise_0.15000000000000002,energy,3.0400052070617676,6.872709,0.0,95.0,15.0
5630,multnoise_0.15000000000000002,energy,3.562700033187866,0.011862686,1.0,81.0,29.0
5631,multnoise_0.15000000000000002,energy,2.735379695892334,1.9758593,0.0,390.0,64.0
5632,multnoise_0.2,energy,2.482212781906128,0.948274,1.0,406.0,56.0
5633,multnoise_0.2,energy,4.012085914611816,1.5793452,0.0,372.0,30.0
5634,multnoise_0.2,energy,1.9624626636505127,6.870149,0.0,347.0,44.0
5635,multnoise_0.2,energy,4.327722549438477,5.7031198,0.0,125.0,14.0
5636,multnoise_0.2,energy,3.1495368480682373,6.717708,0.0,389.0,51.0
5637,multnoise_0.2,energy,3.8739123344421387,5.586407,0.0,14.0,3.0
5638,multnoise_0.2,energy,2.7821640968322754,0.12110372,1.0,338.0,4.0
5639,multnoise_0.2,energy,3.0108585357666016,4.7830706,0.0,268.0,60.0
5640,multnoise_0.2,energy,2.4429125785827637,0.8089463,1.0,325.0,4.0
5641,multnoise_0.2,energy,3.697784662246704,7.3615484,0.0,108.0,57.0
5642,multnoise_0.2,energy,3.1973772048950195,2.865088,0.0,195.0,26.0
5643,multnoise_0.2,energy,3.1300547122955322,3.1749697,0.0,278.0,46.0
5644,multnoise_0.2,energy,4.0169901847839355,5.214667,0.0,111.0,11.0
5645,multnoise_0.2,energy,3.3394880294799805,2.800077,0.0,168.0,9.0
5646,multnoise_0.2,energy,3.043351411819458,2.7389612,0.0,23.0,61.0
5647,multnoise_0.2,energy,2.8709492683410645,10.763278,0.0,86.0,36.0
5648,multnoise_0.2,energy,3.1279735565185547,5.152048,0.0,274.0,15.0
5649,multnoise_0.2,energy,3.746546745300293,11.282411,0.0,99.0,28.0
5650,multnoise_0.2,energy,4.1856513023376465,3.9581456,0.0,169.0,62.0
5651,multnoise_0.2,energy,4.513574123382568,0.8213685,1.0,270.0,21.0
5652,multnoise_0.2,energy,2.520559549331665,11.406878,0.0,187.0,0.0
5653,multnoise_0.2,energy,2.7118730545043945,4.364415,0.0,387.0,31.0
5654,multnoise_0.2,energy,2.47946834564209,3.3778262,0.0,433.0,46.0
5655,multnoise_0.2,energy,1.9125056266784668,4.609888,0.0,324.0,61.0
5656,multnoise_0.2,energy,3.3676109313964844,3.271544,0.0,157.0,38.0
5657,multnoise_0.2,energy,4.3682379722595215,3.7144089,0.0,112.0,56.0
5658,multnoise_0.2,energy,1.8417484760284424,9.281552,0.0,284.0,37.0
5659,multnoise_0.2,energy,3.798675775527954,2.886163,0.0,365.0,6.0
5660,multnoise_0.2,energy,2.2418901920318604,8.222211,0.0,27.0,15.0
5661,multnoise_0.2,energy,6.965577125549316,0.75084364,1.0,225.0,55.0
5662,multnoise_0.2,energy,5.266637802124023,7.1792374,0.0,198.0,60.0
5663,multnoise_0.2,energy,2.6947121620178223,9.176081,0.0,429.0,34.0
5664,multnoise_0.2,energy,3.4097964763641357,12.173236,0.0,344.0,37.0
5665,multnoise_0.2,energy,2.9029123783111572,7.0482807,0.0,402.0,23.0
5666,multnoise_0.2,energy,2.7800755500793457,1.179725,1.0,103.0,17.0
5667,multnoise_0.2,energy,4.427375793457031,2.2356813,0.0,216.0,22.0
5668,multnoise_0.2,energy,6.0197954177856445,8.063132,0.0,42.0,58.0
5669,multnoise_0.2,energy,2.9140589237213135,6.747128,0.0,394.0,16.0
5670,multnoise_0.2,energy,2.939784049987793,1.9406447,0.0,190.0,31.0
5671,multnoise_0.2,energy,2.2638189792633057,1.7763851,0.0,286.0,63.0
5672,multnoise_0.2,energy,3.6783149242401123,12.416419,0.0,301.0,7.0
5673,multnoise_0.2,energy,4.134182453155518,7.802067,0.0,123.0,57.0
5674,multnoise_0.2,energy,4.354107856750488,6.5985346,0.0,299.0,2.0
5675,multnoise_0.2,energy,2.4010000228881836,6.5060306,0.0,313.0,14.0
5676,multnoise_0.2,energy,3.008831262588501,3.3852208,0.0,361.0,39.0
5677,multnoise_0.2,energy,2.998182773590088,9.965864,0.0,413.0,60.0
5678,multnoise_0.2,energy,3.797351598739624,7.883859,0.0,78.0,1.0
5679,multnoise_0.2,energy,3.9004924297332764,2.9974527,0.0,248.0,30.0
5680,multnoise_0.2,energy,2.7960352897644043,8.514133,0.0,132.0,57.0
5681,multnoise_0.2,energy,3.523482084274292,5.273677,0.0,309.0,34.0
5682,multnoise_0.2,energy,4.571323871612549,2.774849,0.0,76.0,21.0
5683,multnoise_0.2,energy,5.254491329193115,0.8966424,1.0,174.0,38.0
5684,multnoise_0.2,energy,1.7702326774597168,2.9799309,0.0,58.0,6.0
5685,multnoise_0.2,energy,2.361964225769043,4.578889,0.0,261.0,11.0
5686,multnoise_0.2,energy,3.489143133163452,0.110422894,1.0,93.0,4.0
5687,multnoise_0.2,energy,4.093348979949951,5.332217,0.0,107.0,5.0
5688,multnoise_0.2,energy,3.3576595783233643,6.1859503,0.0,201.0,19.0
5689,multnoise_0.2,energy,1.7081196308135986,6.344593,0.0,203.0,39.0
5690,multnoise_0.2,energy,4.018217086791992,5.623342,0.0,227.0,5.0
5691,multnoise_0.2,energy,3.618408441543579,5.555943,0.0,124.0,5.0
5692,multnoise_0.2,energy,3.9969353675842285,1.5874527,0.0,12.0,30.0
5693,multnoise_0.2,energy,2.4821791648864746,2.9908304,0.0,290.0,62.0
5694,multnoise_0.2,energy,2.346127986907959,1.0032787,1.0,11.0,47.0
5695,multnoise_0.2,energy,3.379166603088379,0.990263,1.0,38.0,56.0
5696,multnoise_0.2,energy,4.106423854827881,8.006026,0.0,353.0,21.0
5697,multnoise_0.2,energy,3.8567891120910645,4.8874536,0.0,311.0,33.0
5698,multnoise_0.2,energy,3.2159013748168945,15.6295805,0.0,177.0,45.0
5699,multnoise_0.2,energy,2.5974979400634766,13.25437,0.0,243.0,45.0
5700,multnoise_0.2,energy,4.273715972900391,0.714397,1.0,315.0,6.0
5701,multnoise_0.2,energy,3.795847177505493,5.4602876,0.0,376.0,50.0
5702,multnoise_0.2,energy,2.2904908657073975,11.543066,0.0,420.0,57.0
5703,multnoise_0.2,energy,3.5304765701293945,3.050588,0.0,101.0,6.0
5704,multnoise_0.2,energy,3.643627882003784,9.920711,0.0,281.0,9.0
5705,multnoise_0.2,energy,3.836723566055298,4.121714,0.0,355.0,31.0
5706,multnoise_0.2,energy,5.441832542419434,2.9900794,0.0,120.0,19.0
5707,multnoise_0.2,energy,2.856539726257324,2.0385141,0.0,25.0,30.0
5708,multnoise_0.2,energy,2.254481792449951,3.1410637,0.0,17.0,13.0
5709,multnoise_0.2,energy,3.382964611053467,8.503804,0.0,408.0,37.0
5710,multnoise_0.2,energy,2.987800359725952,0.48119578,1.0,257.0,8.0
5711,multnoise_0.2,energy,2.9358065128326416,5.781429,0.0,323.0,27.0
5712,multnoise_0.2,energy,3.3684191703796387,12.621835,0.0,265.0,53.0
5713,multnoise_0.2,energy,4.969241619110107,6.478651,0.0,238.0,1.0
5714,multnoise_0.2,energy,2.7814817428588867,1.0142292,1.0,7.0,63.0
5715,multnoise_0.2,energy,3.3968772888183594,5.447079,0.0,271.0,31.0
5716,multnoise_0.2,energy,3.5113742351531982,0.11268965,1.0,64.0,29.0
5717,multnoise_0.2,energy,3.567875385284424,0.46271718,1.0,80.0,29.0
5718,multnoise_0.2,energy,2.900949239730835,14.060662,0.0,97.0,0.0
5719,multnoise_0.2,energy,3.5260438919067383,3.1728601,0.0,59.0,12.0
5720,multnoise_0.2,energy,3.2688283920288086,2.2707655,0.0,63.0,62.0
5721,multnoise_0.2,energy,3.4686601161956787,5.1517086,0.0,262.0,62.0
5722,multnoise_0.2,energy,2.132556438446045,8.022888,0.0,28.0,50.0
5723,multnoise_0.2,energy,3.8303539752960205,14.568688,0.0,147.0,48.0
5724,multnoise_0.2,energy,1.9343888759613037,7.039828,0.0,232.0,51.0
5725,multnoise_0.2,energy,4.348555088043213,5.50828,0.0,341.0,27.0
5726,multnoise_0.2,energy,4.136531352996826,2.6179056,0.0,415.0,32.0
5727,multnoise_0.2,energy,3.8399085998535156,1.7240223,0.0,354.0,26.0
5728,multnoise_0.2,energy,3.7441415786743164,2.0462503,0.0,217.0,9.0
5729,multnoise_0.2,energy,3.235171318054199,3.3995311,0.0,240.0,32.0
5730,multnoise_0.2,energy,2.6627674102783203,7.191951,0.0,319.0,57.0
5731,multnoise_0.2,energy,4.232635021209717,4.5527053,0.0,142.0,41.0
5732,multnoise_0.2,energy,3.2008440494537354,13.203906,0.0,126.0,48.0
5733,multnoise_0.2,energy,3.728144884109497,4.748071,0.0,159.0,13.0
5734,multnoise_0.2,energy,4.344913959503174,7.1663456,0.0,364.0,50.0
5735,multnoise_0.2,energy,5.487549781799316,2.9807682,0.0,209.0,11.0
5736,multnoise_0.2,energy,2.4954872131347656,6.0091867,0.0,197.0,52.0
5737,multnoise_0.2,energy,4.136434078216553,3.5266292,0.0,283.0,24.0
5738,multnoise_0.2,energy,3.379074811935425,4.0663986,0.0,310.0,51.0
5739,multnoise_0.2,energy,4.754979133605957,11.02483,0.0,219.0,48.0
5740,multnoise_0.2,energy,4.468160152435303,3.644795,0.0,50.0,38.0
5741,multnoise_0.2,energy,1.53591787815094,2.3106167,0.0,237.0,38.0
5742,multnoise_0.2,energy,3.326127052307129,0.4022534,1.0,131.0,21.0
5743,multnoise_0.2,energy,2.7998900413513184,1.5314844,1.0,221.0,18.0
5744,multnoise_0.2,energy,3.692005157470703,4.1732154,0.0,100.0,64.0
5745,multnoise_0.2,energy,5.583687782287598,5.2251534,0.0,258.0,32.0
5746,multnoise_0.2,energy,3.0905048847198486,9.337372,0.0,356.0,50.0
5747,multnoise_0.2,energy,2.490150213241577,1.333534,1.0,369.0,23.0
5748,multnoise_0.2,energy,2.653383493423462,3.5377197,0.0,119.0,46.0
5749,multnoise_0.2,energy,3.6058716773986816,5.222107,0.0,4.0,17.0
5750,multnoise_0.2,energy,3.7838010787963867,10.110357,0.0,204.0,34.0
5751,multnoise_0.2,energy,2.5732219219207764,6.507738,0.0,218.0,41.0
5752,multnoise_0.2,energy,3.5592989921569824,1.9240847,0.0,1.0,9.0
5753,multnoise_0.2,energy,5.583555698394775,0.49011803,1.0,246.0,21.0
5754,multnoise_0.2,energy,3.6732430458068848,12.589979,0.0,382.0,53.0
5755,multnoise_0.2,energy,2.883523941040039,2.2969306,0.0,31.0,24.0
5756,multnoise_0.2,energy,3.140726089477539,4.9179597,0.0,370.0,24.0
5757,multnoise_0.2,energy,3.683955192565918,4.2089453,0.0,333.0,30.0
5758,multnoise_0.2,energy,2.4530396461486816,0.038338024,1.0,6.0,22.0
5759,multnoise_0.2,energy,3.5403385162353516,0.81277686,1.0,368.0,56.0
5760,multnoise_0.2,energy,3.996241569519043,7.964794,0.0,399.0,31.0
5761,multnoise_0.2,energy,2.1850759983062744,1.4537355,1.0,210.0,14.0
5762,multnoise_0.2,energy,3.2748475074768066,1.8100824,0.0,146.0,63.0
5763,multnoise_0.2,energy,5.091117858886719,0.40939313,1.0,34.0,4.0
5764,multnoise_0.2,energy,4.0502753257751465,2.747356,0.0,98.0,6.0
5765,multnoise_0.2,energy,3.4258999824523926,5.665823,0.0,275.0,10.0
5766,multnoise_0.2,energy,3.3027501106262207,2.8534167,0.0,83.0,13.0
5767,multnoise_0.2,energy,3.480362892150879,8.2953825,0.0,332.0,37.0
5768,multnoise_0.2,energy,3.280590057373047,8.936777,0.0,340.0,1.0
5769,multnoise_0.2,energy,2.3611841201782227,4.626462,0.0,424.0,27.0
5770,multnoise_0.2,energy,2.851853609085083,7.731111,0.0,151.0,44.0
5771,multnoise_0.2,energy,2.916379690170288,8.40841,0.0,326.0,37.0
5772,multnoise_0.2,energy,3.953169822692871,6.2585254,0.0,239.0,20.0
5773,multnoise_0.2,energy,2.661726474761963,5.384577,0.0,242.0,1.0
5774,multnoise_0.2,energy,2.4072422981262207,5.822713,0.0,20.0,17.0
5775,multnoise_0.2,energy,4.071233749389648,5.0974455,0.0,306.0,12.0
5776,multnoise_0.2,energy,2.8065733909606934,3.3411183,0.0,431.0,32.0
5777,multnoise_0.2,energy,3.616222858428955,2.7484448,0.0,128.0,26.0
5778,multnoise_0.2,energy,5.051711082458496,2.8979945,0.0,288.0,29.0
5779,multnoise_0.2,energy,5.0777268409729,6.2076807,0.0,312.0,1.0
5780,multnoise_0.2,energy,2.626615285873413,6.3353686,0.0,229.0,60.0
5781,multnoise_0.2,energy,4.66919469833374,10.061606,0.0,172.0,48.0
5782,multnoise_0.2,energy,3.1223859786987305,8.8548765,0.0,358.0,37.0
5783,multnoise_0.2,energy,3.576484203338623,3.207336,0.0,428.0,7.0
5784,multnoise_0.2,energy,4.12470817565918,8.67053,0.0,105.0,28.0
5785,multnoise_0.2,energy,3.58982515335083,7.3480167,0.0,206.0,2.0
5786,multnoise_0.2,energy,4.313920974731445,6.5989733,0.0,130.0,54.0
5787,multnoise_0.2,energy,3.738372325897217,0.28446794,1.0,245.0,4.0
5788,multnoise_0.2,energy,5.074436187744141,7.680368,0.0,32.0,20.0
5789,multnoise_0.2,energy,2.983656406402588,11.053097,0.0,254.0,31.0
5790,multnoise_0.2,energy,3.4482944011688232,3.6761358,0.0,117.0,59.0
5791,multnoise_0.2,energy,2.5987119674682617,4.112566,0.0,191.0,24.0
5792,multnoise_0.2,energy,3.652933120727539,4.2549763,0.0,54.0,20.0
5793,multnoise_0.2,energy,4.852991104125977,6.2442746,0.0,104.0,13.0
5794,multnoise_0.2,energy,5.534963607788086,6.421944,0.0,160.0,54.0
5795,multnoise_0.2,energy,3.683572769165039,8.232655,0.0,329.0,18.0
5796,multnoise_0.2,energy,3.7111501693725586,0.7909876,1.0,171.0,21.0
5797,multnoise_0.2,energy,5.934881687164307,1.6529009,0.0,251.0,62.0
5798,multnoise_0.2,energy,3.3412094116210938,4.665297,0.0,150.0,3.0
5799,multnoise_0.2,energy,4.047794818878174,0.15512058,1.0,289.0,9.0
5800,multnoise_0.2,energy,2.558081865310669,6.4100666,0.0,342.0,2.0
5801,multnoise_0.2,energy,5.147781848907471,6.2667494,0.0,293.0,17.0
5802,multnoise_0.2,energy,3.381106376647949,6.507736,0.0,19.0,28.0
5803,multnoise_0.2,energy,2.6194546222686768,0.12982655,1.0,57.0,29.0
5804,multnoise_0.2,energy,2.8071441650390625,8.904543,0.0,178.0,12.0
5805,multnoise_0.2,energy,3.4433481693267822,2.9318874,0.0,272.0,4.0
5806,multnoise_0.2,energy,11.570653915405273,0.01694018,1.0,81.0,29.0
5807,multnoise_0.2,energy,3.156341552734375,2.837792,0.0,298.0,61.0
5808,multnoise_0.2,energy,3.311389207839966,10.030997,0.0,199.0,2.0
5809,multnoise_0.2,energy,2.9138126373291016,1.7253852,1.0,215.0,39.0
5810,multnoise_0.2,energy,4.193097114562988,5.5717006,0.0,343.0,55.0
5811,multnoise_0.2,energy,5.137742519378662,8.41851,0.0,162.0,15.0
5812,multnoise_0.2,energy,3.518645763397217,4.516881,0.0,46.0,8.0
5813,multnoise_0.2,energy,2.46720027923584,0.8838799,1.0,322.0,47.0
5814,multnoise_0.2,energy,3.6183319091796875,8.65753,0.0,392.0,48.0
5815,multnoise_0.2,energy,2.709372043609619,3.749111,0.0,303.0,38.0
5816,multnoise_0.2,energy,2.936406373977661,7.4800982,0.0,405.0,50.0
5817,multnoise_0.2,energy,2.329608917236328,3.9527142,0.0,375.0,10.0
5818,multnoise_0.2,energy,4.510590076446533,1.1861985,0.0,24.0,22.0
5819,multnoise_0.2,energy,2.7439370155334473,5.193753,0.0,351.0,41.0
5820,multnoise_0.2,energy,3.595478057861328,3.56117,0.0,115.0,24.0
5821,multnoise_0.2,energy,3.9886255264282227,5.94955,0.0,39.0,60.0
5822,multnoise_0.2,energy,4.740056037902832,3.4838116,0.0,220.0,9.0
5823,multnoise_0.2,energy,2.990108013153076,7.4780927,0.0,231.0,48.0
5824,multnoise_0.2,energy,2.928028106689453,6.3988814,0.0,334.0,10.0
5825,multnoise_0.2,energy,3.7681047916412354,7.376551,0.0,133.0,55.0
5826,multnoise_0.2,energy,2.717381000518799,7.065996,0.0,348.0,55.0
5827,multnoise_0.2,energy,2.1777279376983643,4.2388673,0.0,205.0,3.0
5828,multnoise_0.2,energy,2.1265249252319336,7.257818,0.0,374.0,20.0
5829,multnoise_0.2,energy,4.141650676727295,5.7586017,0.0,193.0,32.0
5830,multnoise_0.2,energy,2.8826611042022705,4.329175,0.0,200.0,40.0
5831,multnoise_0.2,energy,3.0580668449401855,3.5991616,0.0,192.0,58.0
5832,multnoise_0.2,energy,2.436396837234497,3.4640596,0.0,412.0,52.0
5833,multnoise_0.2,energy,3.1765036582946777,2.2262795,0.0,148.0,8.0
5834,multnoise_0.2,energy,3.0043840408325195,15.169391,0.0,230.0,29.0
5835,multnoise_0.2,energy,8.331433296203613,4.6216316,0.0,137.0,3.0
5836,multnoise_0.2,energy,3.1794755458831787,3.409779,0.0,249.0,3.0
5837,multnoise_0.2,energy,4.501627445220947,1.894196,0.0,166.0,63.0
5838,multnoise_0.2,energy,3.760023593902588,8.830738,0.0,244.0,2.0
5839,multnoise_0.2,energy,4.1635355949401855,4.1273413,0.0,167.0,18.0
5840,multnoise_0.2,energy,5.40062952041626,6.512078,0.0,314.0,63.0
5841,multnoise_0.2,energy,2.1596598625183105,6.034894,0.0,432.0,1.0
5842,multnoise_0.2,energy,4.46360445022583,2.754171,0.0,400.0,6.0
5843,multnoise_0.2,energy,1.680197834968567,8.433425,0.0,53.0,57.0
5844,multnoise_0.2,energy,2.543637752532959,1.4909172,0.0,92.0,4.0
5845,multnoise_0.2,energy,2.5647835731506348,8.939828,0.0,417.0,57.0
5846,multnoise_0.2,energy,2.909266471862793,0.6800203,1.0,70.0,8.0
5847,multnoise_0.2,energy,3.5191054344177246,4.7037897,0.0,85.0,42.0
5848,multnoise_0.2,energy,3.45023775100708,7.069233,0.0,135.0,1.0
5849,multnoise_0.2,energy,2.2418906688690186,7.406681,0.0,253.0,11.0
5850,multnoise_0.2,energy,2.6813724040985107,5.2349205,0.0,255.0,5.0
5851,multnoise_0.2,energy,3.308971881866455,1.9985613,0.0,165.0,13.0
5852,multnoise_0.2,energy,3.5085017681121826,1.160861,0.0,294.0,46.0
5853,multnoise_0.2,energy,4.432321548461914,5.352214,0.0,71.0,19.0
5854,multnoise_0.2,energy,1.9354498386383057,4.3698616,0.0,161.0,44.0
5855,multnoise_0.2,energy,4.97808837890625,8.966003,0.0,10.0,37.0
5856,multnoise_0.2,energy,3.141610622406006,11.904452,0.0,84.0,0.0
5857,multnoise_0.2,energy,3.3391146659851074,11.335179,0.0,62.0,57.0
5858,multnoise_0.2,energy,2.617424249649048,2.6460948,0.0,208.0,4.0
5859,multnoise_0.2,energy,3.33833909034729,6.5651135,0.0,247.0,34.0
5860,multnoise_0.2,energy,3.7302587032318115,6.716026,0.0,236.0,18.0
5861,multnoise_0.2,energy,6.234744071960449,7.3562884,0.0,386.0,30.0
5862,multnoise_0.2,energy,3.5581514835357666,6.382531,0.0,77.0,48.0
5863,multnoise_0.2,energy,1.770792841911316,5.841335,0.0,260.0,32.0
5864,multnoise_0.2,energy,3.4265260696411133,4.6317368,0.0,129.0,7.0
5865,multnoise_0.2,energy,3.1942882537841797,6.605004,0.0,416.0,8.0
5866,multnoise_0.2,energy,2.2378859519958496,9.951504,0.0,367.0,53.0
5867,multnoise_0.2,energy,2.3116440773010254,3.3751762,0.0,141.0,43.0
5868,multnoise_0.2,energy,3.295651435852051,3.3648863,0.0,74.0,51.0
5869,multnoise_0.2,energy,3.9822349548339844,1.2899956,1.0,153.0,46.0
5870,multnoise_0.2,energy,2.5940380096435547,3.1480534,0.0,391.0,26.0
5871,multnoise_0.2,energy,2.6512675285339355,8.344792,0.0,140.0,0.0
5872,multnoise_0.2,energy,3.3461997509002686,6.2761946,0.0,183.0,16.0
5873,multnoise_0.2,energy,3.487470865249634,6.918852,0.0,22.0,16.0
5874,multnoise_0.2,energy,2.9280519485473633,5.2868176,0.0,321.0,10.0
5875,multnoise_0.2,energy,3.321770191192627,1.0742341,1.0,345.0,21.0
5876,multnoise_0.2,energy,3.466428756713867,9.599849,0.0,110.0,20.0
5877,multnoise_0.2,energy,2.2905731201171875,8.462225,0.0,41.0,58.0
5878,multnoise_0.2,energy,1.769001841545105,0.023370877,1.0,211.0,18.0
5879,multnoise_0.2,energy,4.0705647468566895,4.936708,0.0,61.0,63.0
5880,multnoise_0.2,energy,4.320463180541992,4.9493246,0.0,398.0,31.0
5881,multnoise_0.2,energy,2.940732002258301,8.483588,0.0,202.0,53.0
5882,multnoise_0.2,energy,1.3449969291687012,9.323762,0.0,434.0,54.0
5883,multnoise_0.2,energy,2.847245216369629,0.09914636,1.0,336.0,9.0
5884,multnoise_0.2,energy,3.668402671813965,11.214447,0.0,144.0,45.0
5885,multnoise_0.2,energy,2.3613972663879395,5.2719655,0.0,252.0,47.0
5886,multnoise_0.2,energy,2.4547605514526367,1.8137109,0.0,113.0,22.0
5887,multnoise_0.2,energy,4.392055511474609,3.7549627,0.0,8.0,47.0
5888,multnoise_0.2,energy,3.1218905448913574,0.21626359,1.0,21.0,22.0
5889,multnoise_0.2,energy,4.900202751159668,5.9550586,0.0,277.0,12.0
5890,multnoise_0.2,energy,6.535793781280518,3.4081597,0.0,136.0,30.0
5891,multnoise_0.2,energy,2.2550292015075684,4.0875754,0.0,250.0,31.0
5892,multnoise_0.2,energy,3.638719081878662,1.7105502,0.0,55.0,22.0
5893,multnoise_0.2,energy,7.27935791015625,5.39117,0.0,35.0,40.0
5894,multnoise_0.2,energy,3.1720316410064697,2.852293,0.0,346.0,43.0
5895,multnoise_0.2,energy,3.0109739303588867,6.351343,0.0,40.0,54.0
5896,multnoise_0.2,energy,3.896090507507324,0.0019719219,1.0,0.0,29.0
5897,multnoise_0.2,energy,3.9842634201049805,0.33761758,1.0,180.0,9.0
5898,multnoise_0.2,energy,2.945403575897217,4.07425,0.0,373.0,19.0
5899,multnoise_0.2,energy,4.7376227378845215,5.0913134,0.0,89.0,61.0
5900,multnoise_0.2,energy,3.8180720806121826,3.1953835,0.0,435.0,61.0
5901,multnoise_0.2,energy,2.9646527767181396,7.202868,0.0,179.0,28.0
5902,multnoise_0.2,energy,3.0434257984161377,5.5721517,0.0,5.0,51.0
5903,multnoise_0.2,energy,2.642608642578125,6.687897,0.0,339.0,11.0
5904,multnoise_0.2,energy,3.0111565589904785,5.9495654,0.0,102.0,34.0
5905,multnoise_0.2,energy,3.2650768756866455,3.95534,0.0,264.0,32.0
5906,multnoise_0.2,energy,3.22922682762146,3.663449,0.0,363.0,2.0
5907,multnoise_0.2,energy,3.278439998626709,3.2229812,0.0,335.0,26.0
5908,multnoise_0.2,energy,2.5940744876861572,2.5420713,0.0,377.0,43.0
5909,multnoise_0.2,energy,4.463188171386719,6.3857403,0.0,134.0,28.0
5910,multnoise_0.2,energy,2.9655561447143555,5.375661,0.0,234.0,54.0
5911,multnoise_0.2,energy,8.388617515563965,2.224235,0.0,184.0,9.0
5912,multnoise_0.2,energy,2.8418545722961426,5.389287,0.0,15.0,17.0
5913,multnoise_0.2,energy,3.913128137588501,12.229536,0.0,430.0,45.0
5914,multnoise_0.2,energy,4.79780912399292,4.5296035,0.0,263.0,35.0
5915,multnoise_0.2,energy,4.665731906890869,2.8111877,0.0,381.0,41.0
5916,multnoise_0.2,energy,2.3482718467712402,5.143927,0.0,154.0,42.0
5917,multnoise_0.2,energy,5.665501594543457,4.037968,0.0,72.0,43.0
5918,multnoise_0.2,energy,3.2972655296325684,1.5202817,0.0,331.0,56.0
5919,multnoise_0.2,energy,3.8216257095336914,6.650428,0.0,60.0,64.0
5920,multnoise_0.2,energy,4.535955429077148,6.3772783,0.0,305.0,54.0
5921,multnoise_0.2,energy,3.8640596866607666,15.13814,0.0,170.0,36.0
5922,multnoise_0.2,energy,3.254051685333252,7.5233154,0.0,241.0,10.0
5923,multnoise_0.2,energy,2.3959712982177734,2.4502738,0.0,385.0,3.0
5924,multnoise_0.2,energy,4.172025680541992,3.4449449,0.0,94.0,34.0
5925,multnoise_0.2,energy,2.7634353637695312,9.599177,0.0,409.0,15.0
5926,multnoise_0.2,energy,3.1942028999328613,5.76366,0.0,223.0,54.0
5927,multnoise_0.2,energy,3.2513368129730225,2.6894703,0.0,68.0,61.0
5928,multnoise_0.2,energy,4.369377613067627,3.403225,0.0,357.0,33.0
5929,multnoise_0.2,energy,3.43677020072937,9.7068405,0.0,280.0,25.0
5930,multnoise_0.2,energy,7.658202648162842,2.5255854,0.0,33.0,8.0
5931,multnoise_0.2,energy,6.516067028045654,3.5349526,0.0,328.0,8.0
5932,multnoise_0.2,energy,3.819260597229004,4.0135536,0.0,327.0,49.0
5933,multnoise_0.2,energy,3.722277879714966,11.310046,0.0,404.0,52.0
5934,multnoise_0.2,energy,3.853433132171631,5.451348,0.0,96.0,40.0
5935,multnoise_0.2,energy,4.610584259033203,1.4188832,1.0,425.0,18.0
5936,multnoise_0.2,energy,2.21274995803833,2.8913689,0.0,158.0,38.0
5937,multnoise_0.2,energy,2.9063687324523926,4.350164,0.0,388.0,4.0
5938,multnoise_0.2,energy,3.050384044647217,1.2613508,1.0,297.0,21.0
5939,multnoise_0.2,energy,5.222408771514893,2.6472907,0.0,302.0,14.0
5940,multnoise_0.2,energy,1.518770694732666,3.446727,0.0,122.0,6.0
5941,multnoise_0.2,energy,3.4247756004333496,10.019116,0.0,285.0,37.0
5942,multnoise_0.2,energy,3.919948101043701,5.9689245,0.0,383.0,52.0
5943,multnoise_0.2,energy,1.8079609870910645,1.7331232,0.0,330.0,43.0
5944,multnoise_0.2,energy,3.408132553100586,2.9451828,0.0,421.0,32.0
5945,multnoise_0.2,energy,3.055330991744995,6.1651125,0.0,213.0,28.0
5946,multnoise_0.2,energy,4.805253028869629,12.058668,0.0,349.0,18.0
5947,multnoise_0.2,energy,2.841815948486328,1.1379622,1.0,403.0,56.0
5948,multnoise_0.2,energy,5.277884483337402,2.2489305,0.0,390.0,64.0
5949,multnoise_0.2,energy,6.864414215087891,2.5850272,0.0,16.0,32.0
5950,multnoise_0.2,energy,3.744450569152832,14.92555,0.0,291.0,25.0
5951,multnoise_0.2,energy,3.5588321685791016,4.1286693,0.0,88.0,44.0
5952,multnoise_0.2,energy,5.926502704620361,1.8720448,0.0,65.0,1.0
5953,multnoise_0.2,energy,4.049898624420166,2.8419988,0.0,267.0,39.0
5954,multnoise_0.2,energy,4.483711242675781,6.979233,0.0,224.0,20.0
5955,multnoise_0.2,energy,3.50400972366333,10.559479,0.0,152.0,52.0
5956,multnoise_0.2,energy,2.8892033100128174,4.8214765,0.0,163.0,64.0
5957,multnoise_0.2,energy,3.7880399227142334,1.1848527,1.0,43.0,29.0
5958,multnoise_0.2,energy,3.8543381690979004,7.4189157,0.0,414.0,55.0
5959,multnoise_0.2,energy,3.8001198768615723,6.1038003,0.0,82.0,11.0
5960,multnoise_0.2,energy,3.6516172885894775,9.972798,0.0,73.0,54.0
5961,multnoise_0.2,energy,3.895810127258301,14.563617,0.0,296.0,48.0
5962,multnoise_0.2,energy,3.888901948928833,5.147525,0.0,49.0,34.0
5963,multnoise_0.2,energy,3.3316962718963623,0.7393848,1.0,384.0,21.0
5964,multnoise_0.2,energy,2.3326475620269775,5.1651483,0.0,75.0,7.0
5965,multnoise_0.2,energy,2.1553196907043457,4.6908054,0.0,51.0,30.0
5966,multnoise_0.2,energy,3.0568289756774902,1.008373,1.0,295.0,62.0
5967,multnoise_0.2,energy,2.3662374019622803,4.9561896,0.0,316.0,41.0
5968,multnoise_0.2,energy,4.782136917114258,5.1721535,0.0,164.0,60.0
5969,multnoise_0.2,energy,3.2783045768737793,9.389282,0.0,118.0,53.0
5970,multnoise_0.2,energy,4.043712615966797,5.627467,0.0,145.0,56.0
5971,multnoise_0.2,energy,2.3551197052001953,5.602346,0.0,422.0,26.0
5972,multnoise_0.2,energy,2.3375704288482666,5.1837897,0.0,396.0,33.0
5973,multnoise_0.2,energy,3.9608349800109863,4.221785,0.0,273.0,35.0
5974,multnoise_0.2,energy,5.961273670196533,1.854526,0.0,380.0,30.0
5975,multnoise_0.2,energy,2.8906760215759277,7.4478045,0.0,87.0,42.0
5976,multnoise_0.2,energy,2.757446050643921,6.274516,0.0,149.0,50.0
5977,multnoise_0.2,energy,4.523935794830322,13.067373,0.0,397.0,36.0
5978,multnoise_0.2,energy,2.795541763305664,5.872904,0.0,175.0,10.0
5979,multnoise_0.2,energy,3.589446544647217,7.745431,0.0,18.0,52.0
5980,multnoise_0.2,energy,2.9884231090545654,3.2169309,0.0,181.0,49.0
5981,multnoise_0.2,energy,3.1511592864990234,4.192421,0.0,418.0,1.0
5982,multnoise_0.2,energy,3.289747714996338,5.2582536,0.0,176.0,58.0
5983,multnoise_0.2,energy,4.0518717765808105,3.3327637,0.0,66.0,60.0
5984,multnoise_0.2,energy,1.726737380027771,4.9362454,0.0,188.0,42.0
5985,multnoise_0.2,energy,3.7717127799987793,3.0665145,0.0,379.0,3.0
5986,multnoise_0.2,energy,4.38985538482666,2.8618424,0.0,9.0,61.0
5987,multnoise_0.2,energy,2.6247243881225586,6.73876,0.0,426.0,15.0
5988,multnoise_0.2,energy,3.07149076461792,4.9430795,0.0,282.0,56.0
5989,multnoise_0.2,energy,3.5979843139648438,7.2181616,0.0,401.0,41.0
5990,multnoise_0.2,energy,2.8939387798309326,5.14151,0.0,269.0,13.0
5991,multnoise_0.2,energy,3.502397060394287,4.917662,0.0,419.0,39.0
5992,multnoise_0.2,energy,3.217634677886963,14.113419,0.0,359.0,48.0
5993,multnoise_0.2,energy,5.1897077560424805,3.6659567,0.0,366.0,35.0
5994,multnoise_0.2,energy,3.197988510131836,4.511304,0.0,106.0,59.0
5995,multnoise_0.2,energy,3.1444973945617676,0.8258877,1.0,207.0,29.0
5996,multnoise_0.2,energy,2.7041513919830322,1.9778485,0.0,352.0,43.0
5997,multnoise_0.2,energy,3.114842414855957,5.6788473,0.0,212.0,31.0
5998,multnoise_0.2,energy,4.145899772644043,5.1401944,0.0,287.0,16.0
5999,multnoise_0.2,energy,2.3343658447265625,5.734255,0.0,378.0,11.0
6000,multnoise_0.2,energy,4.482316017150879,3.0559137,0.0,214.0,26.0
6001,multnoise_0.2,energy,3.87355375289917,4.0942516,0.0,121.0,1.0
6002,multnoise_0.2,energy,2.747303009033203,0.9201679,1.0,79.0,22.0
6003,multnoise_0.2,energy,3.1100714206695557,0.07450069,1.0,69.0,9.0
6004,multnoise_0.2,energy,3.1527976989746094,4.618685,0.0,36.0,51.0
6005,multnoise_0.2,energy,3.4380714893341064,3.9814365,0.0,189.0,41.0
6006,multnoise_0.2,energy,7.78374719619751,5.9894934,0.0,47.0,61.0
6007,multnoise_0.2,energy,3.092022657394409,15.519378,0.0,139.0,0.0
6008,multnoise_0.2,energy,2.935406446456909,4.7522297,0.0,138.0,23.0
6009,multnoise_0.2,energy,3.5098459720611572,4.461772,0.0,407.0,33.0
6010,multnoise_0.2,energy,2.871680736541748,8.866626,0.0,91.0,15.0
6011,multnoise_0.2,energy,3.679900646209717,6.346099,0.0,318.0,1.0
6012,multnoise_0.2,energy,2.280836582183838,3.7803705,0.0,300.0,49.0
6013,multnoise_0.2,energy,3.9421331882476807,8.769743,0.0,155.0,52.0
6014,multnoise_0.2,energy,3.3649816513061523,1.8253791,0.0,13.0,46.0
6015,multnoise_0.2,energy,3.399200677871704,4.495397,0.0,279.0,5.0
6016,multnoise_0.2,energy,2.4603400230407715,8.411119,0.0,256.0,7.0
6017,multnoise_0.2,energy,2.1950559616088867,0.40415454,1.0,320.0,18.0
6018,multnoise_0.2,energy,3.177112579345703,2.6918461,0.0,411.0,63.0
6019,multnoise_0.2,energy,2.3369975090026855,14.834986,0.0,173.0,15.0
6020,multnoise_0.2,energy,3.1067724227905273,3.3661842,0.0,52.0,55.0
6021,multnoise_0.2,energy,4.10243558883667,8.871362,0.0,292.0,15.0
6022,multnoise_0.2,energy,5.597205638885498,5.052345,0.0,182.0,54.0
6023,multnoise_0.2,energy,7.011448860168457,6.1617856,0.0,3.0,10.0
6024,multnoise_0.2,energy,3.843127727508545,8.978516,0.0,360.0,58.0
6025,multnoise_0.2,energy,4.348238945007324,3.0131698,0.0,109.0,18.0
6026,multnoise_0.2,energy,2.6234545707702637,1.146937,1.0,427.0,62.0
6027,multnoise_0.2,energy,2.7802300453186035,2.8054323,0.0,45.0,63.0
6028,multnoise_0.2,energy,1.7131017446517944,3.6595423,0.0,307.0,8.0
6029,multnoise_0.2,energy,2.8664183616638184,5.2521124,0.0,317.0,17.0
6030,multnoise_0.2,energy,2.8406782150268555,5.6795473,0.0,362.0,18.0
6031,multnoise_0.2,energy,2.892852544784546,13.273437,0.0,423.0,28.0
6032,multnoise_0.2,energy,2.458700656890869,3.4613297,0.0,228.0,3.0
6033,multnoise_0.2,energy,2.2621564865112305,15.313298,0.0,235.0,25.0
6034,multnoise_0.2,energy,4.869197845458984,2.729218,0.0,127.0,49.0
6035,multnoise_0.2,energy,2.8812479972839355,4.3569365,0.0,29.0,51.0
6036,multnoise_0.2,energy,3.762533187866211,4.0458283,0.0,266.0,1.0
6037,multnoise_0.2,energy,3.1231019496917725,15.108158,0.0,371.0,0.0
6038,multnoise_0.2,energy,2.4368488788604736,4.459437,0.0,26.0,47.0
6039,multnoise_0.2,energy,3.2399303913116455,5.556003,0.0,233.0,28.0
6040,multnoise_0.2,energy,3.1017417907714844,1.180458,0.0,37.0,18.0
6041,multnoise_0.2,energy,2.169168710708618,10.121248,0.0,393.0,20.0
6042,multnoise_0.2,energy,3.7163949012756348,2.4789798,0.0,395.0,21.0
6043,multnoise_0.2,energy,4.973362445831299,13.149232,0.0,114.0,25.0
6044,multnoise_0.2,energy,2.4352142810821533,0.8638638,1.0,222.0,21.0
6045,multnoise_0.2,energy,3.427794933319092,3.1637812,0.0,350.0,55.0
6046,multnoise_0.2,energy,3.5208840370178223,5.423718,0.0,186.0,7.0
6047,multnoise_0.2,energy,3.3613901138305664,3.5962162,0.0,156.0,49.0
6048,multnoise_0.2,energy,3.4997758865356445,2.59391,0.0,185.0,11.0
6049,multnoise_0.2,energy,2.2081573009490967,2.3705082,0.0,337.0,43.0
6050,multnoise_0.2,energy,3.311703681945801,7.73605,0.0,276.0,14.0
6051,multnoise_0.2,energy,2.86081600189209,6.2995434,0.0,48.0,28.0
6052,multnoise_0.2,energy,5.329951286315918,9.005679,0.0,44.0,17.0
6053,multnoise_0.2,energy,3.4098548889160156,4.663016,0.0,2.0,7.0
6054,multnoise_0.2,energy,3.66013240814209,1.1799937,1.0,308.0,21.0
6055,multnoise_0.2,energy,2.6989550590515137,5.309737,0.0,67.0,53.0
6056,multnoise_0.2,energy,3.782465934753418,6.830658,0.0,116.0,23.0
6057,multnoise_0.2,energy,3.5609915256500244,0.3658405,1.0,30.0,8.0
6058,multnoise_0.2,energy,3.6711626052856445,5.462696,0.0,196.0,12.0
6059,multnoise_0.2,energy,6.394947528839111,7.464805,0.0,95.0,15.0
6060,multnoise_0.2,energy,4.176370620727539,3.6277308,0.0,56.0,26.0
6061,multnoise_0.2,energy,2.9170212745666504,2.3525848,0.0,226.0,47.0
6062,multnoise_0.2,energy,3.0303077697753906,4.1092396,0.0,410.0,7.0
6063,multnoise_0.2,energy,3.751600742340088,3.8601496,0.0,259.0,64.0
6064,multnoise_0.25,energy,4.046113967895508,8.324754,0.0,18.0,52.0
6065,multnoise_0.25,energy,2.1662447452545166,7.7831955,0.0,149.0,50.0
6066,multnoise_0.25,energy,3.616851329803467,0.335736,1.0,194.0,22.0
6067,multnoise_0.25,energy,3.9963574409484863,2.5442076,0.0,390.0,64.0
6068,multnoise_0.25,energy,4.041282653808594,15.915132,0.0,126.0,48.0
6069,multnoise_0.25,energy,2.5994815826416016,8.939754,0.0,78.0,1.0
6070,multnoise_0.25,energy,2.5937986373901367,3.058002,0.0,209.0,11.0
6071,multnoise_0.25,energy,5.537203788757324,1.0363822,0.0,331.0,56.0
6072,multnoise_0.25,energy,3.549290895462036,3.0613174,0.0,98.0,6.0
6073,multnoise_0.25,energy,3.2744603157043457,6.0545297,0.0,36.0,51.0
6074,multnoise_0.25,energy,3.6864991188049316,0.3672217,1.0,93.0,4.0
6075,multnoise_0.25,energy,1.8165929317474365,10.872813,0.0,199.0,2.0
6076,multnoise_0.25,energy,5.674034595489502,0.87335026,1.0,308.0,21.0
6077,multnoise_0.25,energy,2.722909927368164,5.1536636,0.0,106.0,59.0
6078,multnoise_0.25,energy,4.419445991516113,5.4291945,0.0,311.0,33.0
6079,multnoise_0.25,energy,2.9393718242645264,6.0999355,0.0,317.0,17.0
6080,multnoise_0.25,energy,4.054553508758545,12.151563,0.0,280.0,25.0
6081,multnoise_0.25,energy,3.641557216644287,18.700304,0.0,177.0,45.0
6082,multnoise_0.25,energy,1.9424091577529907,5.6370707,0.0,324.0,61.0
6083,multnoise_0.25,energy,2.1609110832214355,9.158705,0.0,28.0,50.0
6084,multnoise_0.25,energy,3.3657984733581543,8.93162,0.0,155.0,52.0
6085,multnoise_0.25,energy,3.8249425888061523,9.637254,0.0,304.0,57.0
6086,multnoise_0.25,energy,2.951616048812866,0.99571866,1.0,315.0,6.0
6087,multnoise_0.25,energy,3.5907058715820312,2.3654404,0.0,425.0,18.0
6088,multnoise_0.25,energy,4.168226718902588,0.65562254,1.0,171.0,21.0
6089,multnoise_0.25,energy,3.745818853378296,15.674936,0.0,173.0,15.0
6090,multnoise_0.25,energy,4.218411922454834,7.635181,0.0,394.0,16.0
6091,multnoise_0.25,energy,3.608757495880127,9.233536,0.0,244.0,2.0
6092,multnoise_0.25,energy,3.272188663482666,5.8138413,0.0,341.0,27.0
6093,multnoise_0.25,energy,2.6169090270996094,5.4553866,0.0,200.0,40.0
6094,multnoise_0.25,energy,3.9577128887176514,8.663932,0.0,108.0,57.0
6095,multnoise_0.25,energy,2.7091517448425293,1.0692307,0.0,11.0,47.0
6096,multnoise_0.25,energy,4.156787872314453,7.367895,0.0,133.0,55.0
6097,multnoise_0.25,energy,4.293118476867676,5.2357883,0.0,159.0,13.0
6098,multnoise_0.25,energy,3.4952921867370605,4.2059956,0.0,327.0,49.0
6099,multnoise_0.25,energy,5.1463751792907715,2.732295,0.0,337.0,43.0
6100,multnoise_0.25,energy,1.7712960243225098,0.86037105,1.0,345.0,21.0
6101,multnoise_0.25,energy,5.070523738861084,2.7748032,0.0,195.0,26.0
6102,multnoise_0.25,energy,3.9342968463897705,8.891254,0.0,32.0,20.0
6103,multnoise_0.25,energy,5.135017395019531,5.901461,0.0,197.0,52.0
6104,multnoise_0.25,energy,2.918424367904663,8.994263,0.0,405.0,50.0
6105,multnoise_0.25,energy,3.4615912437438965,6.715638,0.0,432.0,1.0
6106,multnoise_0.25,energy,3.345031976699829,0.8268792,1.0,403.0,56.0
6107,multnoise_0.25,energy,3.051118850708008,14.3056345,0.0,144.0,45.0
6108,multnoise_0.25,energy,3.3763275146484375,13.571162,0.0,420.0,57.0
6109,multnoise_0.25,energy,2.582463502883911,5.2378244,0.0,46.0,8.0
6110,multnoise_0.25,energy,3.6173229217529297,4.9797316,0.0,54.0,20.0
6111,multnoise_0.25,energy,3.2124953269958496,4.086091,0.0,431.0,32.0
6112,multnoise_0.25,energy,5.594428539276123,3.75248,0.0,300.0,49.0
6113,multnoise_0.25,energy,4.160768032073975,5.7855325,0.0,275.0,10.0
6114,multnoise_0.25,energy,3.7859995365142822,7.579811,0.0,247.0,34.0
6115,multnoise_0.25,energy,2.3809635639190674,4.7136393,0.0,89.0,61.0
6116,multnoise_0.25,energy,3.209796905517578,2.6926212,0.0,385.0,3.0
6117,multnoise_0.25,energy,2.9056131839752197,0.9170104,1.0,79.0,22.0
6118,multnoise_0.25,energy,3.584644317626953,12.715624,0.0,62.0,57.0
6119,multnoise_0.25,energy,5.199344635009766,3.0682204,0.0,214.0,26.0
6120,multnoise_0.25,energy,2.895113468170166,2.7710376,0.0,65.0,1.0
6121,multnoise_0.25,energy,3.6253738403320312,6.825445,0.0,309.0,34.0
6122,multnoise_0.25,energy,2.9879024028778076,13.899517,0.0,349.0,18.0
6123,multnoise_0.25,energy,2.9693522453308105,6.417124,0.0,35.0,40.0
6124,multnoise_0.25,energy,8.794321060180664,5.2311625,0.0,137.0,3.0
6125,multnoise_0.25,energy,3.477635622024536,8.970986,0.0,386.0,30.0
6126,multnoise_0.25,energy,3.996114730834961,4.471309,0.0,375.0,10.0
6127,multnoise_0.25,energy,3.7560150623321533,14.629351,0.0,265.0,53.0
6128,multnoise_0.25,energy,5.161713600158691,6.0275526,0.0,85.0,42.0
6129,multnoise_0.25,energy,2.465542793273926,7.1364684,0.0,102.0,34.0
6130,multnoise_0.25,energy,3.7462878227233887,5.86454,0.0,125.0,14.0
6131,multnoise_0.25,energy,3.768038511276245,10.676804,0.0,110.0,20.0
6132,multnoise_0.25,energy,2.3200228214263916,8.240179,0.0,253.0,11.0
6133,multnoise_0.25,energy,5.485854148864746,9.100802,0.0,124.0,5.0
6134,multnoise_0.25,energy,5.290897369384766,5.5029325,0.0,167.0,18.0
6135,multnoise_0.25,energy,3.7248430252075195,4.048347,0.0,52.0,55.0
6136,multnoise_0.25,energy,4.610237121582031,4.8739853,0.0,307.0,8.0
6137,multnoise_0.25,energy,4.0694451332092285,6.943704,0.0,342.0,2.0
6138,multnoise_0.25,energy,3.3162617683410645,10.999375,0.0,152.0,52.0
6139,multnoise_0.25,energy,3.0273239612579346,10.356077,0.0,285.0,37.0
6140,multnoise_0.25,energy,3.8858587741851807,10.901018,0.0,409.0,15.0
6141,multnoise_0.25,energy,2.650933265686035,5.742188,0.0,287.0,16.0
6142,multnoise_0.25,energy,3.090414047241211,15.04943,0.0,84.0,0.0
6143,multnoise_0.25,energy,3.664677619934082,4.2657933,0.0,355.0,31.0
6144,multnoise_0.25,energy,4.327133655548096,3.5992427,0.0,192.0,58.0
6145,multnoise_0.25,energy,3.5680904388427734,10.139636,0.0,254.0,31.0
6146,multnoise_0.25,energy,3.6712265014648438,5.2496233,0.0,258.0,32.0
6147,multnoise_0.25,energy,6.43450403213501,5.0210295,0.0,161.0,44.0
6148,multnoise_0.25,energy,3.879458427429199,2.14369,0.0,286.0,63.0
6149,multnoise_0.25,energy,3.424359083175659,6.557887,0.0,223.0,54.0
6150,multnoise_0.25,energy,3.724269390106201,0.08000698,1.0,64.0,29.0
6151,multnoise_0.25,energy,4.082674503326416,2.250667,0.0,55.0,22.0
6152,multnoise_0.25,energy,6.84500789642334,9.521063,0.0,360.0,58.0
6153,multnoise_0.25,energy,6.020907878875732,8.952697,0.0,231.0,48.0
6154,multnoise_0.25,energy,4.6364946365356445,3.0371006,0.0,168.0,9.0
6155,multnoise_0.25,energy,3.5381057262420654,4.347352,0.0,407.0,33.0
6156,multnoise_0.25,energy,3.440755844116211,3.7288373,0.0,181.0,49.0
6157,multnoise_0.25,energy,6.523386478424072,14.597715,0.0,114.0,25.0
6158,multnoise_0.25,energy,3.361848831176758,9.721126,0.0,434.0,54.0
6159,multnoise_0.25,energy,2.0371217727661133,5.5463204,0.0,274.0,15.0
6160,multnoise_0.25,energy,2.9740796089172363,3.1390665,0.0,380.0,30.0
6161,multnoise_0.25,energy,4.599616050720215,3.7874784,0.0,228.0,3.0
6162,multnoise_0.25,energy,3.6969165802001953,14.199888,0.0,219.0,48.0
6163,multnoise_0.25,energy,3.5259180068969727,6.6433935,0.0,154.0,42.0
6164,multnoise_0.25,energy,2.9567770957946777,5.866164,0.0,182.0,54.0
6165,multnoise_0.25,energy,1.5991601943969727,2.5229764,0.0,190.0,31.0
6166,multnoise_0.25,energy,3.516697406768799,6.1302485,0.0,107.0,5.0
6167,multnoise_0.25,energy,3.4517502784729004,5.831559,0.0,323.0,27.0
6168,multnoise_0.25,energy,1.8237955570220947,4.581055,0.0,261.0,11.0
6169,multnoise_0.25,energy,3.599276542663574,2.3037007,0.0,63.0,62.0
6170,multnoise_0.25,energy,2.148045301437378,12.130402,0.0,367.0,53.0
6171,multnoise_0.25,energy,3.4187285900115967,9.803984,0.0,329.0,18.0
6172,multnoise_0.25,energy,3.3133583068847656,2.2083702,0.0,165.0,13.0
6173,multnoise_0.25,energy,5.646784782409668,3.4254174,0.0,381.0,41.0
6174,multnoise_0.25,energy,3.9595978260040283,9.003892,0.0,90.0,58.0
6175,multnoise_0.25,energy,5.238927364349365,5.8611507,0.0,196.0,12.0
6176,multnoise_0.25,energy,3.2506237030029297,7.5033026,0.0,183.0,16.0
6177,multnoise_0.25,energy,3.3222265243530273,3.3550563,0.0,128.0,26.0
6178,multnoise_0.25,energy,3.9778780937194824,0.028778518,1.0,81.0,29.0
6179,multnoise_0.25,energy,3.2064850330352783,1.2137523,1.0,103.0,17.0
6180,multnoise_0.25,energy,3.983078956604004,7.5953503,0.0,426.0,15.0
6181,multnoise_0.25,energy,3.3054089546203613,1.4175816,0.0,174.0,38.0
6182,multnoise_0.25,energy,2.427981376647949,4.377258,0.0,142.0,41.0
6183,multnoise_0.25,energy,3.668663740158081,4.742109,0.0,72.0,43.0
6184,multnoise_0.25,energy,2.8873114585876465,12.11605,0.0,99.0,28.0
6185,multnoise_0.25,energy,3.4735825061798096,3.7003112,0.0,298.0,61.0
6186,multnoise_0.25,energy,2.6643691062927246,4.9823,0.0,396.0,33.0
6187,multnoise_0.25,energy,4.432432651519775,0.0021721357,1.0,0.0,29.0
6188,multnoise_0.25,energy,3.5263800621032715,6.044914,0.0,4.0,17.0
6189,multnoise_0.25,energy,2.6855952739715576,8.171206,0.0,389.0,51.0
6190,multnoise_0.25,energy,2.8799564838409424,6.9843154,0.0,319.0,57.0
6191,multnoise_0.25,energy,3.214470863342285,6.927597,0.0,312.0,1.0
6192,multnoise_0.25,energy,3.7103404998779297,2.7064383,0.0,267.0,39.0
6193,multnoise_0.25,energy,4.442995548248291,11.075514,0.0,404.0,52.0
6194,multnoise_0.25,energy,3.530935287475586,16.908583,0.0,243.0,45.0
6195,multnoise_0.25,energy,3.207933187484741,3.446292,0.0,357.0,33.0
6196,multnoise_0.25,energy,6.013402938842773,16.305466,0.0,371.0,0.0
6197,multnoise_0.25,energy,1.8523037433624268,6.5327682,0.0,376.0,50.0
6198,multnoise_0.25,energy,2.996676445007324,9.286947,0.0,408.0,37.0
6199,multnoise_0.25,energy,3.522186756134033,3.1433957,0.0,335.0,26.0
6200,multnoise_0.25,energy,4.268088340759277,2.2669783,0.0,217.0,9.0
6201,multnoise_0.25,energy,2.5397400856018066,4.1846285,0.0,156.0,49.0
6202,multnoise_0.25,energy,3.247316837310791,7.9733105,0.0,198.0,60.0
6203,multnoise_0.25,energy,3.075354814529419,2.1205935,0.0,166.0,63.0
6204,multnoise_0.25,energy,3.210063934326172,8.381363,0.0,364.0,50.0
6205,multnoise_0.25,energy,3.1914162635803223,7.489193,0.0,5.0,51.0
6206,multnoise_0.25,energy,3.025179386138916,2.7195644,0.0,400.0,6.0
6207,multnoise_0.25,energy,3.432422637939453,7.489179,0.0,305.0,54.0
6208,multnoise_0.25,energy,4.414036750793457,5.528593,0.0,328.0,8.0
6209,multnoise_0.25,energy,4.2158637046813965,6.7153788,0.0,416.0,8.0
6210,multnoise_0.25,energy,2.685157299041748,2.9618833,0.0,148.0,8.0
6211,multnoise_0.25,energy,6.129261016845703,3.0653405,0.0,421.0,32.0
6212,multnoise_0.25,energy,4.3151044845581055,7.673838,0.0,224.0,20.0
6213,multnoise_0.25,energy,3.7216908931732178,10.684642,0.0,281.0,9.0
6214,multnoise_0.25,energy,2.499236583709717,8.076995,0.0,374.0,20.0
6215,multnoise_0.25,energy,4.66241455078125,8.018382,0.0,95.0,15.0
6216,multnoise_0.25,energy,3.4242587089538574,4.5338497,0.0,169.0,62.0
6217,multnoise_0.25,energy,3.2574007511138916,4.117333,0.0,273.0,35.0
6218,multnoise_0.25,energy,3.9537391662597656,5.6143255,0.0,271.0,31.0
6219,multnoise_0.25,energy,3.8112971782684326,0.328043,1.0,368.0,56.0
6220,multnoise_0.25,energy,3.412688732147217,5.3230667,0.0,269.0,13.0
6221,multnoise_0.25,energy,4.153820037841797,6.1604548,0.0,234.0,54.0
6222,multnoise_0.25,energy,4.4467997550964355,8.265285,0.0,179.0,28.0
6223,multnoise_0.25,energy,4.075154781341553,17.123503,0.0,139.0,0.0
6224,multnoise_0.25,energy,3.6343517303466797,7.8877826,0.0,232.0,51.0
6225,multnoise_0.25,energy,2.4967329502105713,16.678442,0.0,147.0,48.0
6226,multnoise_0.25,energy,4.749725818634033,4.912527,0.0,150.0,3.0
6227,multnoise_0.25,energy,4.744656085968018,6.5154495,0.0,203.0,39.0
6228,multnoise_0.25,energy,1.914713740348816,2.4002652,0.0,210.0,14.0
6229,multnoise_0.25,energy,2.50498104095459,4.598101,0.0,272.0,4.0
6230,multnoise_0.25,energy,3.750542640686035,0.7283675,1.0,207.0,29.0
6231,multnoise_0.25,energy,4.47504186630249,2.6500108,0.0,1.0,9.0
6232,multnoise_0.25,energy,3.8449418544769287,2.9706903,0.0,92.0,4.0
6233,multnoise_0.25,energy,2.3274569511413574,3.9939275,0.0,66.0,60.0
6234,multnoise_0.25,energy,4.680497169494629,5.660576,0.0,321.0,10.0
6235,multnoise_0.25,energy,3.0385591983795166,0.31241053,1.0,338.0,4.0
6236,multnoise_0.25,energy,3.4337902069091797,1.9299717,0.0,12.0,30.0
6237,multnoise_0.25,energy,4.232648849487305,4.8549547,0.0,387.0,31.0
6238,multnoise_0.25,energy,2.9632694721221924,2.8760636,0.0,120.0,19.0
6239,multnoise_0.25,energy,4.416388511657715,5.8355937,0.0,260.0,32.0
6240,multnoise_0.25,energy,2.8066751956939697,3.479242,0.0,17.0,13.0
6241,multnoise_0.25,energy,4.670437335968018,3.2612867,0.0,365.0,6.0
6242,multnoise_0.25,energy,6.568084239959717,10.817131,0.0,132.0,57.0
6243,multnoise_0.25,energy,3.170701265335083,6.4281607,0.0,347.0,44.0
6244,multnoise_0.25,energy,3.2443084716796875,7.844459,0.0,241.0,10.0
6245,multnoise_0.25,energy,3.671365261077881,9.480546,0.0,358.0,37.0
6246,multnoise_0.25,energy,4.127047061920166,2.8551085,0.0,31.0,24.0
6247,multnoise_0.25,energy,2.991032600402832,6.035102,0.0,314.0,63.0
6248,multnoise_0.25,energy,3.637364149093628,2.2837644,0.0,330.0,43.0
6249,multnoise_0.25,energy,3.886784791946411,8.06782,0.0,206.0,2.0
6250,multnoise_0.25,energy,3.9452590942382812,0.69010884,1.0,222.0,21.0
6251,multnoise_0.25,energy,3.432466983795166,10.130386,0.0,53.0,57.0
6252,multnoise_0.25,energy,3.7354342937469482,7.17472,0.0,229.0,60.0
6253,multnoise_0.25,energy,4.464718818664551,0.5776366,1.0,384.0,21.0
6254,multnoise_0.25,energy,2.4442238807678223,7.2483687,0.0,414.0,55.0
6255,multnoise_0.25,energy,3.091573715209961,3.6106975,0.0,346.0,43.0
6256,multnoise_0.25,energy,3.1173179149627686,7.6026144,0.0,276.0,14.0
6257,multnoise_0.25,energy,3.70283842086792,0.5023323,1.0,245.0,4.0
6258,multnoise_0.25,energy,3.2095742225646973,8.991193,0.0,151.0,44.0
6259,multnoise_0.25,energy,5.66835880279541,3.8434854,0.0,249.0,3.0
6260,multnoise_0.25,energy,2.9269778728485107,3.911262,0.0,391.0,26.0
6261,multnoise_0.25,energy,3.38529634475708,5.3639264,0.0,242.0,1.0
6262,multnoise_0.25,energy,3.004823684692383,9.2141905,0.0,123.0,57.0
6263,multnoise_0.25,energy,3.60776686668396,8.216426,0.0,310.0,51.0
6264,multnoise_0.25,energy,3.5765628814697266,9.035335,0.0,178.0,12.0
6265,multnoise_0.25,energy,2.1236510276794434,1.2526718,0.0,24.0,22.0
6266,multnoise_0.25,energy,4.58935546875,7.2163496,0.0,77.0,48.0
6267,multnoise_0.25,energy,2.8040966987609863,5.2602715,0.0,424.0,27.0
6268,multnoise_0.25,energy,3.564528703689575,0.8907769,1.0,297.0,21.0
6269,multnoise_0.25,energy,3.1306910514831543,1.1032809,0.0,322.0,47.0
6270,multnoise_0.25,energy,2.8412110805511475,10.146154,0.0,87.0,42.0
6271,multnoise_0.25,energy,4.284207820892334,14.042998,0.0,382.0,53.0
6272,multnoise_0.25,energy,2.862442970275879,0.92583025,1.0,70.0,8.0
6273,multnoise_0.25,energy,3.2374894618988037,3.6912155,0.0,363.0,2.0
6274,multnoise_0.25,energy,3.975684642791748,7.4960093,0.0,348.0,55.0
6275,multnoise_0.25,energy,3.1534647941589355,4.1821704,0.0,16.0,32.0
6276,multnoise_0.25,energy,3.463280200958252,4.88552,0.0,163.0,64.0
6277,multnoise_0.25,energy,3.915468692779541,2.8259258,0.0,45.0,63.0
6278,multnoise_0.25,energy,4.504018306732178,4.9898887,0.0,221.0,18.0
6279,multnoise_0.25,energy,3.2560696601867676,6.169469,0.0,20.0,17.0
6280,multnoise_0.25,energy,4.7559685707092285,3.8890352,0.0,112.0,56.0
6281,multnoise_0.25,energy,2.9551336765289307,1.1119856,0.0,30.0,8.0
6282,multnoise_0.25,energy,2.577998638153076,4.4676285,0.0,205.0,3.0
6283,multnoise_0.25,energy,3.9996020793914795,16.460566,0.0,230.0,29.0
6284,multnoise_0.25,energy,3.9426755905151367,5.6042747,0.0,268.0,60.0
6285,multnoise_0.25,energy,2.8020224571228027,4.516749,0.0,263.0,35.0
6286,multnoise_0.25,energy,3.184037685394287,4.3058352,0.0,145.0,56.0
6287,multnoise_0.25,energy,3.136739492416382,7.675906,0.0,239.0,20.0
6288,multnoise_0.25,energy,2.2604455947875977,11.515261,0.0,202.0,53.0
6289,multnoise_0.25,energy,2.840939521789551,2.3244464,0.0,25.0,30.0
6290,multnoise_0.25,energy,3.1406283378601074,7.7826586,0.0,399.0,31.0
6291,multnoise_0.25,energy,2.794191837310791,0.521732,1.0,246.0,21.0
6292,multnoise_0.25,energy,3.634974479675293,6.1953015,0.0,388.0,4.0
6293,multnoise_0.25,energy,4.215331077575684,5.8735256,0.0,378.0,11.0
6294,multnoise_0.25,energy,2.6271116733551025,5.668264,0.0,316.0,41.0
6295,multnoise_0.25,energy,4.658178329467773,6.319658,0.0,186.0,7.0
6296,multnoise_0.25,energy,5.256976127624512,6.542681,0.0,362.0,18.0
6297,multnoise_0.25,energy,3.3983707427978516,5.8435073,0.0,49.0,34.0
6298,multnoise_0.25,energy,3.5575602054595947,5.7219906,0.0,104.0,13.0
6299,multnoise_0.25,energy,4.42628288269043,12.603053,0.0,353.0,21.0
6300,multnoise_0.25,energy,2.585470676422119,0.8873841,1.0,270.0,21.0
6301,multnoise_0.25,energy,3.5419726371765137,2.7360172,0.0,185.0,11.0
6302,multnoise_0.25,energy,4.231138229370117,7.5602536,0.0,218.0,41.0
6303,multnoise_0.25,energy,4.450502872467041,5.338047,0.0,29.0,51.0
6304,multnoise_0.25,energy,3.0993127822875977,5.387317,0.0,422.0,26.0
6305,multnoise_0.25,energy,3.043609142303467,1.5492864,0.0,7.0,63.0
6306,multnoise_0.25,energy,4.873075485229492,4.152933,0.0,94.0,34.0
6307,multnoise_0.25,energy,4.251464366912842,6.886984,0.0,293.0,17.0
6308,multnoise_0.25,energy,4.361854076385498,3.4088008,0.0,56.0,26.0
6309,multnoise_0.25,energy,4.366848945617676,3.7402492,0.0,9.0,61.0
6310,multnoise_0.25,energy,4.145296573638916,2.1079671,0.0,37.0,18.0
6311,multnoise_0.25,energy,3.46598744392395,6.768471,0.0,3.0,10.0
6312,multnoise_0.25,energy,3.808727264404297,0.1398635,1.0,69.0,9.0
6313,multnoise_0.25,energy,3.3831491470336914,2.7646906,0.0,237.0,38.0
6314,multnoise_0.25,energy,4.312337875366211,7.101654,0.0,160.0,54.0
6315,multnoise_0.25,energy,2.4740617275238037,6.7619615,0.0,299.0,2.0
6316,multnoise_0.25,energy,3.8155252933502197,5.789674,0.0,61.0,63.0
6317,multnoise_0.25,energy,4.570132255554199,6.088693,0.0,82.0,11.0
6318,multnoise_0.25,energy,3.974623441696167,4.330821,0.0,372.0,30.0
6319,multnoise_0.25,energy,3.8843514919281006,9.047016,0.0,27.0,15.0
6320,multnoise_0.25,energy,3.117361545562744,5.3081985,0.0,47.0,61.0
6321,multnoise_0.25,energy,3.3501150608062744,3.450459,0.0,288.0,29.0
6322,multnoise_0.25,energy,2.517518997192383,9.703234,0.0,105.0,28.0
6323,multnoise_0.25,energy,2.6564009189605713,5.1400175,0.0,111.0,11.0
6324,multnoise_0.25,energy,4.713798522949219,5.1656837,0.0,398.0,31.0
6325,multnoise_0.25,energy,4.358935356140137,14.129184,0.0,423.0,28.0
6326,multnoise_0.25,energy,3.017730951309204,6.8625946,0.0,213.0,28.0
6327,multnoise_0.25,energy,3.0857481956481934,2.6200001,0.0,76.0,21.0
6328,multnoise_0.25,energy,3.751152992248535,6.0780883,0.0,201.0,19.0
6329,multnoise_0.25,energy,3.8075613975524902,5.6767693,0.0,15.0,17.0
6330,multnoise_0.25,energy,3.0947110652923584,7.433815,0.0,134.0,28.0
6331,multnoise_0.25,energy,3.065034866333008,11.231996,0.0,417.0,57.0
6332,multnoise_0.25,energy,4.349917411804199,10.064246,0.0,284.0,37.0
6333,multnoise_0.25,energy,3.3810808658599854,3.3571665,0.0,379.0,3.0
6334,multnoise_0.25,energy,3.368053913116455,3.980917,0.0,136.0,30.0
6335,multnoise_0.25,energy,3.835026264190674,13.76051,0.0,187.0,0.0
6336,multnoise_0.25,energy,3.4803853034973145,10.273886,0.0,356.0,50.0
6337,multnoise_0.25,energy,3.93272066116333,16.26378,0.0,97.0,0.0
6338,multnoise_0.25,energy,3.8540544509887695,2.9689999,0.0,158.0,38.0
6339,multnoise_0.25,energy,5.498684406280518,3.5880988,0.0,278.0,46.0
6340,multnoise_0.25,energy,3.2080116271972656,0.22640589,1.0,57.0,29.0
6341,multnoise_0.25,energy,4.540552616119385,7.4928236,0.0,402.0,23.0
6342,multnoise_0.25,energy,4.635924339294434,2.2160325,0.0,146.0,63.0
6343,multnoise_0.25,energy,3.4661662578582764,2.7316499,0.0,143.0,61.0
6344,multnoise_0.25,energy,2.4038243293762207,7.3516793,0.0,130.0,54.0
6345,multnoise_0.25,energy,2.182744264602661,6.4357414,0.0,233.0,28.0
6346,multnoise_0.25,energy,3.2025322914123535,3.1351042,0.0,83.0,13.0
6347,multnoise_0.25,energy,3.0861752033233643,16.302198,0.0,359.0,48.0
6348,multnoise_0.25,energy,4.600009918212891,2.2001023,0.0,395.0,21.0
6349,multnoise_0.25,energy,3.768709182739258,4.980107,0.0,279.0,5.0
6350,multnoise_0.25,energy,6.073321342468262,1.093465,1.0,225.0,55.0
6351,multnoise_0.25,energy,4.893035888671875,0.057643034,1.0,211.0,18.0
6352,multnoise_0.25,energy,3.136179208755493,10.553594,0.0,413.0,60.0
6353,multnoise_0.25,energy,2.381922721862793,12.523781,0.0,301.0,7.0
6354,multnoise_0.25,energy,4.286552429199219,3.6512055,0.0,361.0,39.0
6355,multnoise_0.25,energy,4.987025737762451,7.244894,0.0,318.0,1.0
6356,multnoise_0.25,energy,2.768831253051758,3.7102022,0.0,216.0,22.0
6357,multnoise_0.25,energy,2.449575901031494,4.945559,0.0,51.0,30.0
6358,multnoise_0.25,energy,2.5718746185302734,5.883749,0.0,343.0,55.0
6359,multnoise_0.25,energy,3.1083641052246094,0.7206166,1.0,80.0,29.0
6360,multnoise_0.25,energy,3.6155455112457275,3.868143,0.0,428.0,7.0
6361,multnoise_0.25,energy,3.0903077125549316,5.2670403,0.0,2.0,7.0
6362,multnoise_0.25,energy,3.465081214904785,5.212551,0.0,419.0,39.0
6363,multnoise_0.25,energy,6.9530558586120605,8.2441635,0.0,135.0,1.0
6364,multnoise_0.25,energy,5.570735454559326,6.9004254,0.0,334.0,10.0
6365,multnoise_0.25,energy,2.6351654529571533,9.489858,0.0,340.0,1.0
6366,multnoise_0.25,energy,5.500425815582275,17.019148,0.0,291.0,25.0
6367,multnoise_0.25,energy,3.138028621673584,3.401246,0.0,366.0,35.0
6368,multnoise_0.25,energy,4.008233070373535,9.102992,0.0,236.0,18.0
6369,multnoise_0.25,energy,3.5249500274658203,5.291765,0.0,100.0,64.0
6370,multnoise_0.25,energy,6.143253326416016,10.162173,0.0,41.0,58.0
6371,multnoise_0.25,energy,4.953622817993164,6.1480026,0.0,175.0,10.0
6372,multnoise_0.25,energy,3.1190223693847656,5.4098544,0.0,109.0,18.0
6373,multnoise_0.25,energy,3.8535397052764893,4.560241,0.0,333.0,30.0
6374,multnoise_0.25,energy,2.577393054962158,5.699456,0.0,164.0,60.0
6375,multnoise_0.25,energy,3.3803069591522217,6.4427123,0.0,252.0,47.0
6376,multnoise_0.25,energy,2.184161424636841,6.891369,0.0,67.0,53.0
6377,multnoise_0.25,energy,3.3530263900756836,7.387046,0.0,48.0,28.0
6378,multnoise_0.25,energy,2.727778673171997,3.5985546,0.0,68.0,61.0
6379,multnoise_0.25,energy,3.2593188285827637,5.6505685,0.0,14.0,3.0
6380,multnoise_0.25,energy,2.162797212600708,3.2082286,0.0,433.0,46.0
6381,multnoise_0.25,energy,2.982288360595703,4.3222556,0.0,117.0,59.0
6382,multnoise_0.25,energy,2.1527137756347656,11.750538,0.0,393.0,20.0
6383,multnoise_0.25,energy,2.812171697616577,2.8173437,0.0,184.0,9.0
6384,multnoise_0.25,energy,3.0047643184661865,6.8522086,0.0,39.0,60.0
6385,multnoise_0.25,energy,3.959989309310913,6.783089,0.0,188.0,42.0
6386,multnoise_0.25,energy,3.847607135772705,3.634289,0.0,248.0,30.0
6387,multnoise_0.25,energy,3.282060146331787,2.9203181,0.0,354.0,26.0
6388,multnoise_0.25,energy,4.230976581573486,10.385149,0.0,140.0,0.0
6389,multnoise_0.25,energy,3.2221529483795166,9.591816,0.0,332.0,37.0
6390,multnoise_0.25,energy,2.878784656524658,10.261246,0.0,204.0,34.0
6391,multnoise_0.25,energy,4.441069602966309,9.030589,0.0,44.0,17.0
6392,multnoise_0.25,energy,5.259007453918457,8.765961,0.0,10.0,37.0
6393,multnoise_0.25,energy,3.045410633087158,4.344181,0.0,303.0,38.0
6394,multnoise_0.25,energy,2.3488361835479736,6.4205894,0.0,255.0,5.0
6395,multnoise_0.25,energy,3.271022319793701,3.9115176,0.0,283.0,24.0
6396,multnoise_0.25,energy,3.8557262420654297,6.2702613,0.0,351.0,41.0
6397,multnoise_0.25,energy,3.753817319869995,6.6916714,0.0,227.0,5.0
6398,multnoise_0.25,energy,1.5186470746994019,3.5380197,0.0,50.0,38.0
6399,multnoise_0.25,energy,3.874478578567505,5.1530676,0.0,71.0,19.0
6400,multnoise_0.25,energy,2.0781195163726807,4.199843,0.0,33.0,8.0
6401,multnoise_0.25,energy,4.665390491485596,10.728827,0.0,392.0,48.0
6402,multnoise_0.25,energy,4.7126688957214355,3.1984222,0.0,325.0,4.0
6403,multnoise_0.25,energy,4.146974563598633,3.0886917,0.0,59.0,12.0
6404,multnoise_0.25,energy,3.060497283935547,1.6203463,1.0,215.0,39.0
6405,multnoise_0.25,energy,3.9322586059570312,9.62978,0.0,429.0,34.0
6406,multnoise_0.25,energy,3.9160773754119873,2.8981013,0.0,377.0,43.0
6407,multnoise_0.25,energy,2.349356174468994,6.3034554,0.0,141.0,43.0
6408,multnoise_0.25,energy,3.2385406494140625,8.992487,0.0,401.0,41.0
6409,multnoise_0.25,energy,4.488562107086182,15.459639,0.0,430.0,45.0
6410,multnoise_0.25,energy,2.2215046882629395,1.5701262,1.0,43.0,29.0
6411,multnoise_0.25,energy,3.469961166381836,9.252455,0.0,326.0,37.0
6412,multnoise_0.25,energy,4.138034343719482,4.453093,0.0,264.0,32.0
6413,multnoise_0.25,energy,4.843379497528076,4.340985,0.0,250.0,31.0
6414,multnoise_0.25,energy,2.7046685218811035,6.0901155,0.0,176.0,58.0
6415,multnoise_0.25,energy,2.8778576850891113,2.2882233,0.0,13.0,46.0
6416,multnoise_0.25,energy,5.294490814208984,7.979648,0.0,19.0,28.0
6417,multnoise_0.25,energy,11.732365608215332,4.419857,0.0,410.0,7.0
6418,multnoise_0.25,energy,4.425755023956299,3.641284,0.0,412.0,52.0
6419,multnoise_0.25,energy,2.8621437549591064,6.439707,0.0,313.0,14.0
6420,multnoise_0.25,energy,4.24197244644165,4.9080486,0.0,121.0,1.0
6421,multnoise_0.25,energy,3.90895414352417,0.3655646,1.0,131.0,21.0
6422,multnoise_0.25,energy,3.8673999309539795,9.876839,0.0,91.0,15.0
6423,multnoise_0.25,energy,3.401904344558716,7.3356814,0.0,60.0,64.0
6424,multnoise_0.25,energy,3.0336594581604004,1.681551,0.0,251.0,62.0
6425,multnoise_0.25,energy,3.7200660705566406,17.18149,0.0,235.0,25.0
6426,multnoise_0.25,energy,2.3231372833251953,0.36225763,1.0,21.0,22.0
6427,multnoise_0.25,energy,2.2038490772247314,1.843457,0.0,369.0,23.0
6428,multnoise_0.25,energy,4.093954086303711,3.495382,0.0,23.0,61.0
6429,multnoise_0.25,energy,3.863304376602173,0.21064532,1.0,289.0,9.0
6430,multnoise_0.25,energy,3.01303768157959,0.34149846,1.0,180.0,9.0
6431,multnoise_0.25,energy,3.7735581398010254,4.7378798,0.0,282.0,56.0
6432,multnoise_0.25,energy,3.0509068965911865,1.3778588,0.0,153.0,46.0
6433,multnoise_0.25,energy,2.7091434001922607,1.1557769,1.0,295.0,62.0
6434,multnoise_0.25,energy,4.7120208740234375,6.0744276,0.0,96.0,40.0
6435,multnoise_0.25,energy,3.945981502532959,3.4113941,0.0,415.0,32.0
6436,multnoise_0.25,energy,3.8669233322143555,5.3135977,0.0,306.0,12.0
6437,multnoise_0.25,energy,4.618457794189453,3.308535,0.0,350.0,55.0
6438,multnoise_0.25,energy,3.015354633331299,1.3872724,1.0,427.0,62.0
6439,multnoise_0.25,energy,5.428050518035889,5.746955,0.0,212.0,31.0
6440,multnoise_0.25,energy,2.47299861907959,4.196926,0.0,8.0,47.0
6441,multnoise_0.25,energy,3.2156341075897217,3.0766816,0.0,302.0,14.0
6442,multnoise_0.25,energy,3.181757926940918,7.6546783,0.0,22.0,16.0
6443,multnoise_0.25,energy,3.698211908340454,6.498399,0.0,339.0,11.0
6444,multnoise_0.25,energy,3.070591926574707,4.49745,0.0,189.0,41.0
6445,multnoise_0.25,energy,4.7018961906433105,0.51065195,1.0,406.0,56.0
6446,multnoise_0.25,energy,3.9845564365386963,6.5655365,0.0,383.0,52.0
6447,multnoise_0.25,energy,3.9022839069366455,3.2916133,0.0,411.0,63.0
6448,multnoise_0.25,energy,3.7633423805236816,0.15085064,1.0,336.0,9.0
6449,multnoise_0.25,energy,5.855808258056641,4.411342,0.0,266.0,1.0
6450,multnoise_0.25,energy,4.376834392547607,2.0004802,0.0,113.0,22.0
6451,multnoise_0.25,energy,3.3239829540252686,3.790569,0.0,208.0,4.0
6452,multnoise_0.25,energy,4.040095806121826,3.4272935,0.0,122.0,6.0
6453,multnoise_0.25,energy,2.1074581146240234,11.818386,0.0,172.0,48.0
6454,multnoise_0.25,energy,3.104370594024658,12.383012,0.0,344.0,37.0
6455,multnoise_0.25,energy,2.956709861755371,4.3978286,0.0,259.0,64.0
6456,multnoise_0.25,energy,12.145499229431152,0.073904656,1.0,6.0,22.0
6457,multnoise_0.25,energy,3.300976276397705,12.413031,0.0,86.0,36.0
6458,multnoise_0.25,energy,3.9380042552948,5.596924,0.0,129.0,7.0
6459,multnoise_0.25,energy,4.425314426422119,16.800102,0.0,296.0,48.0
6460,multnoise_0.25,energy,4.417787075042725,6.4021454,0.0,193.0,32.0
6461,multnoise_0.25,energy,7.692010402679443,8.501143,0.0,256.0,7.0
6462,multnoise_0.25,energy,3.520416259765625,6.172731,0.0,75.0,7.0
6463,multnoise_0.25,energy,2.3104305267333984,4.0596027,0.0,220.0,9.0
6464,multnoise_0.25,energy,3.6918280124664307,9.441456,0.0,162.0,15.0
6465,multnoise_0.25,energy,3.6305243968963623,3.8410642,0.0,26.0,47.0
6466,multnoise_0.25,energy,3.1814558506011963,3.7661166,0.0,115.0,24.0
6467,multnoise_0.25,energy,3.9300527572631836,11.746661,0.0,118.0,53.0
6468,multnoise_0.25,energy,3.517151355743408,4.6943846,0.0,74.0,51.0
6469,multnoise_0.25,energy,3.389492988586426,3.3504276,0.0,157.0,38.0
6470,multnoise_0.25,energy,2.884927272796631,17.407444,0.0,170.0,36.0
6471,multnoise_0.25,energy,2.002105951309204,1.2693524,0.0,294.0,46.0
6472,multnoise_0.25,energy,2.941465377807617,4.6185055,0.0,191.0,24.0
6473,multnoise_0.25,energy,3.1129255294799805,3.7758234,0.0,240.0,32.0
6474,multnoise_0.25,energy,3.534842014312744,2.9439697,0.0,127.0,49.0
6475,multnoise_0.25,energy,3.4881176948547363,16.49072,0.0,397.0,36.0
6476,multnoise_0.25,energy,3.0820486545562744,1.4477606,0.0,34.0,4.0
6477,multnoise_0.25,energy,3.2839369773864746,3.6868296,0.0,58.0,6.0
6478,multnoise_0.25,energy,4.309579372406006,5.5113745,0.0,262.0,62.0
6479,multnoise_0.25,energy,4.579070091247559,5.4965677,0.0,138.0,23.0
6480,multnoise_0.25,energy,4.755402088165283,9.55409,0.0,292.0,15.0
6481,multnoise_0.25,energy,3.329573154449463,4.07593,0.0,373.0,19.0
6482,multnoise_0.25,energy,3.3313581943511963,10.272052,0.0,73.0,54.0
6483,multnoise_0.25,energy,3.0309228897094727,2.0147982,0.0,320.0,18.0
6484,multnoise_0.25,energy,3.418271064758301,5.2371664,0.0,418.0,1.0
6485,multnoise_0.25,energy,3.1445696353912354,7.143253,0.0,116.0,23.0
6486,multnoise_0.25,energy,4.9414801597595215,6.950426,0.0,370.0,24.0
6487,multnoise_0.25,energy,3.8722286224365234,4.6411295,0.0,88.0,44.0
6488,multnoise_0.25,energy,3.83058500289917,3.2322521,0.0,119.0,46.0
6489,multnoise_0.25,energy,3.687979221343994,6.8006563,0.0,40.0,54.0
6490,multnoise_0.25,energy,3.858640193939209,2.5491145,0.0,352.0,43.0
6491,multnoise_0.25,energy,4.738950252532959,0.70922303,1.0,38.0,56.0
6492,multnoise_0.25,energy,3.48075532913208,4.1782384,0.0,435.0,61.0
6493,multnoise_0.25,energy,2.4601998329162598,1.0653499,0.0,257.0,8.0
6494,multnoise_0.25,energy,4.414090633392334,3.2217317,0.0,101.0,6.0
6495,multnoise_0.25,energy,3.2841296195983887,3.2909033,0.0,290.0,62.0
6496,multnoise_0.30000000000000004,energy,3.26957368850708,6.8659625,0.0,311.0,33.0
6497,multnoise_0.30000000000000004,energy,3.5995712280273438,8.077606,0.0,154.0,42.0
6498,multnoise_0.30000000000000004,energy,4.7764482498168945,0.8774106,1.0,338.0,4.0
6499,multnoise_0.30000000000000004,energy,2.8506581783294678,6.113764,0.0,341.0,27.0
6500,multnoise_0.30000000000000004,energy,5.54360294342041,8.797902,0.0,232.0,51.0
6501,multnoise_0.30000000000000004,energy,3.1622860431671143,3.2813523,0.0,366.0,35.0
6502,multnoise_0.30000000000000004,energy,4.699584007263184,12.114543,0.0,344.0,37.0
6503,multnoise_0.30000000000000004,energy,4.195082187652588,6.4829206,0.0,287.0,16.0
6504,multnoise_0.30000000000000004,energy,3.6661853790283203,6.7729735,0.0,317.0,17.0
6505,multnoise_0.30000000000000004,energy,4.082499980926514,6.3822336,0.0,175.0,10.0
6506,multnoise_0.30000000000000004,energy,3.990861415863037,1.8637958,0.0,257.0,8.0
6507,multnoise_0.30000000000000004,energy,1.988534688949585,6.5928845,0.0,4.0,17.0
6508,multnoise_0.30000000000000004,energy,3.374166250228882,0.5663283,1.0,246.0,21.0
6509,multnoise_0.30000000000000004,energy,2.659038543701172,5.6206794,0.0,271.0,31.0
6510,multnoise_0.30000000000000004,energy,3.8057844638824463,7.25736,0.0,293.0,17.0
6511,multnoise_0.30000000000000004,energy,1.715579628944397,17.986467,0.0,97.0,0.0
6512,multnoise_0.30000000000000004,energy,4.8504862785339355,5.5915136,0.0,16.0,32.0
6513,multnoise_0.30000000000000004,energy,2.911275625228882,10.051767,0.0,434.0,54.0
6514,multnoise_0.30000000000000004,energy,3.2290902137756348,7.5347967,0.0,213.0,28.0
6515,multnoise_0.30000000000000004,energy,3.10815167427063,9.823745,0.0,358.0,37.0
6516,multnoise_0.30000000000000004,energy,3.429356575012207,10.518976,0.0,105.0,28.0
6517,multnoise_0.30000000000000004,energy,3.073819160461426,6.043066,0.0,424.0,27.0
6518,multnoise_0.30000000000000004,energy,4.415860176086426,2.5352764,0.0,217.0,9.0
6519,multnoise_0.30000000000000004,energy,3.720698833465576,13.591576,0.0,124.0,5.0
6520,multnoise_0.30000000000000004,energy,3.0964431762695312,15.60535,0.0,382.0,53.0
6521,multnoise_0.30000000000000004,energy,3.3881959915161133,5.8107395,0.0,201.0,19.0
6522,multnoise_0.30000000000000004,energy,4.433490753173828,3.1766732,0.0,209.0,11.0
6523,multnoise_0.30000000000000004,energy,3.7403180599212646,2.9398787,0.0,195.0,26.0
6524,multnoise_0.30000000000000004,energy,4.9891276359558105,6.3900733,0.0,325.0,4.0
6525,multnoise_0.30000000000000004,energy,2.23484206199646,4.6888766,0.0,220.0,9.0
6526,multnoise_0.30000000000000004,energy,3.3292741775512695,11.333599,0.0,152.0,52.0
6527,multnoise_0.30000000000000004,energy,3.6207072734832764,4.784539,0.0,205.0,3.0
6528,multnoise_0.30000000000000004,energy,3.4667365550994873,4.635641,0.0,266.0,1.0
6529,multnoise_0.30000000000000004,energy,3.2999813556671143,5.272848,0.0,373.0,19.0
6530,multnoise_0.30000000000000004,energy,3.479607343673706,3.4492052,0.0,50.0,38.0
6531,multnoise_0.30000000000000004,energy,4.408652305603027,8.132583,0.0,247.0,34.0
6532,multnoise_0.30000000000000004,energy,2.845848560333252,9.465636,0.0,90.0,58.0
6533,multnoise_0.30000000000000004,energy,3.42499041557312,0.53227264,1.0,171.0,21.0
6534,multnoise_0.30000000000000004,energy,4.009696960449219,1.8082374,0.0,395.0,21.0
6535,multnoise_0.30000000000000004,energy,3.8772377967834473,6.830367,0.0,234.0,54.0
6536,multnoise_0.30000000000000004,energy,3.8573381900787354,9.9624815,0.0,340.0,1.0
6537,multnoise_0.30000000000000004,energy,3.1464521884918213,3.512327,0.0,425.0,18.0
6538,multnoise_0.30000000000000004,energy,3.3249740600585938,3.843011,0.0,361.0,39.0
6539,multnoise_0.30000000000000004,energy,3.241070032119751,7.793223,0.0,60.0,64.0
6540,multnoise_0.30000000000000004,energy,4.40547513961792,7.53288,0.0,376.0,50.0
6541,multnoise_0.30000000000000004,energy,4.779391765594482,6.8925023,0.0,416.0,8.0
6542,multnoise_0.30000000000000004,energy,3.3847949504852295,5.1997805,0.0,242.0,1.0
6543,multnoise_0.30000000000000004,energy,3.4569900035858154,7.137187,0.0,3.0,10.0
6544,multnoise_0.30000000000000004,energy,4.180306911468506,3.8307958,0.0,412.0,52.0
6545,multnoise_0.30000000000000004,energy,3.9747984409332275,3.2510724,0.0,98.0,6.0
6546,multnoise_0.30000000000000004,energy,3.3446202278137207,7.3812184,0.0,156.0,49.0
6547,multnoise_0.30000000000000004,energy,3.2860445976257324,1.5417677,1.0,215.0,39.0
6548,multnoise_0.30000000000000004,energy,4.71492338180542,4.049389,0.0,288.0,29.0
6549,multnoise_0.30000000000000004,energy,7.065907955169678,3.7625833,0.0,17.0,13.0
6550,multnoise_0.30000000000000004,energy,3.0817675590515137,5.129122,0.0,88.0,44.0
6551,multnoise_0.30000000000000004,energy,3.70535945892334,5.1526804,0.0,264.0,32.0
6552,multnoise_0.30000000000000004,energy,3.613147258758545,6.1366243,0.0,347.0,44.0
6553,multnoise_0.30000000000000004,energy,4.076330184936523,3.395102,0.0,101.0,6.0
6554,multnoise_0.30000000000000004,energy,2.7111434936523438,4.968859,0.0,354.0,26.0
6555,multnoise_0.30000000000000004,energy,4.412137985229492,2.1109188,0.0,113.0,22.0
6556,multnoise_0.30000000000000004,energy,4.07155704498291,6.6103024,0.0,75.0,7.0
6557,multnoise_0.30000000000000004,energy,3.0134811401367188,6.910192,0.0,182.0,54.0
6558,multnoise_0.30000000000000004,energy,2.9388089179992676,3.6280193,0.0,363.0,2.0
6559,multnoise_0.30000000000000004,energy,6.0697832107543945,11.0174675,0.0,401.0,41.0
6560,multnoise_0.30000000000000004,energy,3.416867971420288,7.569008,0.0,276.0,14.0
6561,multnoise_0.30000000000000004,energy,4.005460262298584,5.2866735,0.0,306.0,12.0
6562,multnoise_0.30000000000000004,energy,2.89137864112854,10.418629,0.0,73.0,54.0
6563,multnoise_0.30000000000000004,energy,4.143648147583008,10.800324,0.0,41.0,58.0
6564,multnoise_0.30000000000000004,energy,3.995824098587036,2.1803584,0.0,369.0,23.0
6565,multnoise_0.30000000000000004,energy,2.246854305267334,9.465126,0.0,364.0,50.0
6566,multnoise_0.30000000000000004,energy,3.5800487995147705,14.982233,0.0,423.0,28.0
6567,multnoise_0.30000000000000004,energy,3.6976773738861084,3.7400055,0.0,379.0,3.0
6568,multnoise_0.30000000000000004,energy,2.3890342712402344,15.681596,0.0,349.0,18.0
6569,multnoise_0.30000000000000004,energy,2.7061972618103027,1.406094,0.0,270.0,21.0
6570,multnoise_0.30000000000000004,energy,3.135387897491455,4.2422357,0.0,327.0,49.0
6571,multnoise_0.30000000000000004,energy,3.5422475337982178,9.349513,0.0,149.0,50.0
6572,multnoise_0.30000000000000004,energy,3.3406920433044434,18.411388,0.0,430.0,45.0
6573,multnoise_0.30000000000000004,energy,3.198942184448242,10.311844,0.0,231.0,48.0
6574,multnoise_0.30000000000000004,energy,3.359900951385498,15.85912,0.0,114.0,25.0
6575,multnoise_0.30000000000000004,energy,5.4143805503845215,3.9272342,0.0,415.0,32.0
6576,multnoise_0.30000000000000004,energy,4.228934288024902,17.128983,0.0,230.0,29.0
6577,multnoise_0.30000000000000004,energy,3.494934320449829,9.709574,0.0,408.0,37.0
6578,multnoise_0.30000000000000004,energy,7.810060024261475,6.999994,0.0,319.0,57.0
6579,multnoise_0.30000000000000004,energy,4.170292854309082,7.6185913,0.0,312.0,1.0
6580,multnoise_0.30000000000000004,energy,3.6150500774383545,5.602791,0.0,279.0,5.0
6581,multnoise_0.30000000000000004,energy,3.508255958557129,3.42144,0.0,83.0,13.0
6582,multnoise_0.30000000000000004,energy,2.4128332138061523,1.4791949,0.0,153.0,46.0
6583,multnoise_0.30000000000000004,energy,3.4041426181793213,10.099157,0.0,370.0,24.0
6584,multnoise_0.30000000000000004,energy,3.23956561088562,1.4836226,0.0,322.0,47.0
6585,multnoise_0.30000000000000004,energy,4.1997389793396,3.2976491,0.0,377.0,43.0
6586,multnoise_0.30000000000000004,energy,3.26192307472229,10.264021,0.0,162.0,15.0
6587,multnoise_0.30000000000000004,energy,3.2459731101989746,13.69363,0.0,132.0,57.0
6588,multnoise_0.30000000000000004,energy,4.35245418548584,9.12022,0.0,183.0,16.0
6589,multnoise_0.30000000000000004,energy,3.5906667709350586,2.8651202,0.0,185.0,11.0
6590,multnoise_0.30000000000000004,energy,3.6797738075256348,1.5300052,0.0,225.0,55.0
6591,multnoise_0.30000000000000004,energy,3.8689868450164795,13.866122,0.0,86.0,36.0
6592,multnoise_0.30000000000000004,energy,3.2714245319366455,5.0942435,0.0,396.0,33.0
6593,multnoise_0.30000000000000004,energy,2.9828133583068848,16.775574,0.0,219.0,48.0
6594,multnoise_0.30000000000000004,energy,3.3319220542907715,0.31830806,1.0,180.0,9.0
6595,multnoise_0.30000000000000004,energy,7.7596001625061035,3.5108497,0.0,357.0,33.0
6596,multnoise_0.30000000000000004,energy,4.301304817199707,5.3347526,0.0,33.0,8.0
6597,multnoise_0.30000000000000004,energy,3.4583821296691895,6.4891443,0.0,129.0,7.0
6598,multnoise_0.30000000000000004,energy,2.9022438526153564,2.4111092,0.0,165.0,13.0
6599,multnoise_0.30000000000000004,energy,5.665118217468262,3.8925617,0.0,300.0,49.0
6600,multnoise_0.30000000000000004,energy,3.0499606132507324,3.5270565,0.0,157.0,38.0
6601,multnoise_0.30000000000000004,energy,3.433527946472168,0.5653808,1.0,222.0,21.0
6602,multnoise_0.30000000000000004,energy,4.546111106872559,6.969541,0.0,193.0,32.0
6603,multnoise_0.30000000000000004,energy,2.60540771484375,3.329823,0.0,237.0,38.0
6604,multnoise_0.30000000000000004,energy,12.45982837677002,3.093861,0.0,37.0,18.0
6605,multnoise_0.30000000000000004,energy,4.119357109069824,0.14096221,1.0,6.0,22.0
6606,multnoise_0.30000000000000004,energy,2.850234031677246,3.2142944,0.0,34.0,4.0
6607,multnoise_0.30000000000000004,energy,3.1362133026123047,1.0330081,0.0,80.0,29.0
6608,multnoise_0.30000000000000004,energy,3.213169813156128,2.3164115,0.0,174.0,38.0
6609,multnoise_0.30000000000000004,energy,4.658036708831787,6.3363013,0.0,324.0,61.0
6610,multnoise_0.30000000000000004,energy,3.2562904357910156,3.3825252,0.0,184.0,9.0
6611,multnoise_0.30000000000000004,energy,3.11226224899292,4.2616067,0.0,9.0,61.0
6612,multnoise_0.30000000000000004,energy,3.1515090465545654,2.6954422,0.0,12.0,30.0
6613,multnoise_0.30000000000000004,energy,3.6896722316741943,0.0031733178,1.0,0.0,29.0
6614,multnoise_0.30000000000000004,energy,3.1025328636169434,4.5690293,0.0,250.0,31.0
6615,multnoise_0.30000000000000004,energy,4.04107141494751,5.999695,0.0,418.0,1.0
6616,multnoise_0.30000000000000004,energy,5.729333877563477,2.7099621,0.0,25.0,30.0
6617,multnoise_0.30000000000000004,energy,2.9798223972320557,5.3607345,0.0,159.0,13.0
6618,multnoise_0.30000000000000004,energy,2.9035351276397705,8.376363,0.0,134.0,28.0
6619,multnoise_0.30000000000000004,energy,3.4077956676483154,3.2303615,0.0,385.0,3.0
6620,multnoise_0.30000000000000004,energy,3.5522751808166504,8.5571785,0.0,372.0,30.0
6621,multnoise_0.30000000000000004,energy,3.7419445514678955,0.3706004,1.0,131.0,21.0
6622,multnoise_0.30000000000000004,energy,3.7092840671539307,9.247579,0.0,239.0,20.0
6623,multnoise_0.30000000000000004,energy,3.463974952697754,0.6902677,1.0,194.0,22.0
6624,multnoise_0.30000000000000004,energy,3.6691770553588867,6.7317667,0.0,176.0,58.0
6625,multnoise_0.30000000000000004,energy,3.0746116638183594,5.6391,0.0,161.0,44.0
6626,multnoise_0.30000000000000004,energy,4.4838786125183105,7.905493,0.0,318.0,1.0
6627,multnoise_0.30000000000000004,energy,2.5104780197143555,1.2195659,0.0,93.0,4.0
6628,multnoise_0.30000000000000004,energy,2.9936304092407227,10.059288,0.0,78.0,1.0
6629,multnoise_0.30000000000000004,energy,3.1230099201202393,5.722531,0.0,54.0,20.0
6630,multnoise_0.30000000000000004,energy,3.309438467025757,8.901943,0.0,22.0,16.0
6631,multnoise_0.30000000000000004,energy,4.70291805267334,9.112022,0.0,253.0,11.0
6632,multnoise_0.30000000000000004,energy,3.746006488800049,4.226474,0.0,228.0,3.0
6633,multnoise_0.30000000000000004,energy,3.96514630317688,7.647988,0.0,348.0,55.0
6634,multnoise_0.30000000000000004,energy,3.5081026554107666,6.5534964,0.0,49.0,34.0
6635,multnoise_0.30000000000000004,energy,4.605172157287598,7.4445148,0.0,35.0,40.0
6636,multnoise_0.30000000000000004,energy,2.8238813877105713,6.061597,0.0,343.0,55.0
6637,multnoise_0.30000000000000004,energy,5.280990123748779,7.029256,0.0,238.0,1.0
6638,multnoise_0.30000000000000004,energy,3.6473169326782227,16.111418,0.0,353.0,21.0
6639,multnoise_0.30000000000000004,energy,5.687179088592529,7.5497327,0.0,36.0,51.0
6640,multnoise_0.30000000000000004,energy,3.395371437072754,4.2046294,0.0,283.0,24.0
6641,multnoise_0.30000000000000004,energy,3.8077733516693115,13.343479,0.0,393.0,20.0
6642,multnoise_0.30000000000000004,energy,4.938566207885742,3.1874046,0.0,190.0,31.0
6643,multnoise_0.30000000000000004,energy,3.600597381591797,13.798427,0.0,310.0,51.0
6644,multnoise_0.30000000000000004,energy,3.3601152896881104,18.82798,0.0,235.0,25.0
6645,multnoise_0.30000000000000004,energy,3.939504623413086,4.39788,0.0,214.0,26.0
6646,multnoise_0.30000000000000004,energy,3.392943859100342,3.5275059,0.0,122.0,6.0
6647,multnoise_0.30000000000000004,energy,3.204451322555542,1.327359,0.0,24.0,22.0
6648,multnoise_0.30000000000000004,energy,4.720664978027344,7.2220697,0.0,378.0,11.0
6649,multnoise_0.30000000000000004,energy,3.3829543590545654,6.8819423,0.0,167.0,18.0
6650,multnoise_0.30000000000000004,energy,3.6275596618652344,0.12804262,1.0,211.0,18.0
6651,multnoise_0.30000000000000004,energy,3.7045254707336426,1.007576,0.0,245.0,4.0
6652,multnoise_0.30000000000000004,energy,4.374938488006592,7.7661295,0.0,229.0,60.0
6653,multnoise_0.30000000000000004,energy,2.467200756072998,5.195118,0.0,51.0,30.0
6654,multnoise_0.30000000000000004,energy,3.8185696601867676,10.15784,0.0,28.0,50.0
6655,multnoise_0.30000000000000004,energy,3.793549060821533,7.365675,0.0,255.0,5.0
6656,multnoise_0.30000000000000004,energy,4.764626979827881,4.990989,0.0,398.0,31.0
6657,multnoise_0.30000000000000004,energy,4.034013748168945,7.129862,0.0,40.0,54.0
6658,multnoise_0.30000000000000004,energy,3.9599156379699707,11.294925,0.0,281.0,9.0
6659,multnoise_0.30000000000000004,energy,3.377108335494995,5.1970706,0.0,163.0,64.0
6660,multnoise_0.30000000000000004,energy,3.382181167602539,2.9897192,0.0,335.0,26.0
6661,multnoise_0.30000000000000004,energy,2.106812000274658,10.015663,0.0,326.0,37.0
6662,multnoise_0.30000000000000004,energy,3.707634925842285,6.238666,0.0,121.0,1.0
6663,multnoise_0.30000000000000004,energy,2.704782485961914,5.156938,0.0,150.0,3.0
6664,multnoise_0.30000000000000004,energy,3.5016584396362305,2.9042912,0.0,55.0,22.0
6665,multnoise_0.30000000000000004,energy,3.1070241928100586,6.0783825,0.0,15.0,17.0
6666,multnoise_0.30000000000000004,energy,4.488804817199707,6.7348847,0.0,186.0,7.0
6667,multnoise_0.30000000000000004,energy,4.683945655822754,7.1203995,0.0,334.0,10.0
6668,multnoise_0.30000000000000004,energy,4.076911926269531,6.6178594,0.0,100.0,64.0
6669,multnoise_0.30000000000000004,energy,2.2714507579803467,3.751853,0.0,76.0,21.0
6670,multnoise_0.30000000000000004,energy,3.099735736846924,3.9027154,0.0,112.0,56.0
6671,multnoise_0.30000000000000004,energy,5.203930377960205,0.056029826,1.0,81.0,29.0
6672,multnoise_0.30000000000000004,energy,2.4709243774414062,3.0249991,0.0,330.0,43.0
6673,multnoise_0.30000000000000004,energy,4.946923732757568,12.880941,0.0,392.0,48.0
6674,multnoise_0.30000000000000004,energy,3.88735294342041,6.9932218,0.0,328.0,8.0
6675,multnoise_0.30000000000000004,energy,4.404110431671143,4.366448,0.0,89.0,61.0
6676,multnoise_0.30000000000000004,energy,6.827010631561279,7.273614,0.0,109.0,18.0
6677,multnoise_0.30000000000000004,energy,5.22833776473999,3.8610194,0.0,411.0,63.0
6678,multnoise_0.30000000000000004,energy,3.41691255569458,16.699488,0.0,265.0,53.0
6679,multnoise_0.30000000000000004,energy,4.687896251678467,5.0876403,0.0,189.0,41.0
6680,multnoise_0.30000000000000004,energy,3.5024335384368896,4.7380347,0.0,320.0,18.0
6681,multnoise_0.30000000000000004,energy,3.746046304702759,2.538934,0.0,120.0,19.0
6682,multnoise_0.30000000000000004,energy,3.989459991455078,0.48892522,1.0,384.0,21.0
6683,multnoise_0.30000000000000004,energy,5.314870357513428,10.052546,0.0,429.0,34.0
6684,multnoise_0.30000000000000004,energy,2.999497413635254,5.603559,0.0,58.0,6.0
6685,multnoise_0.30000000000000004,energy,4.075814247131348,11.704368,0.0,236.0,18.0
6686,multnoise_0.30000000000000004,energy,3.8501105308532715,2.0072875,0.0,43.0,29.0
6687,multnoise_0.30000000000000004,energy,3.9384002685546875,8.904978,0.0,135.0,1.0
6688,multnoise_0.30000000000000004,energy,3.9076597690582275,11.019203,0.0,304.0,57.0
6689,multnoise_0.30000000000000004,energy,3.3751745223999023,2.7247484,0.0,13.0,46.0
6690,multnoise_0.30000000000000004,energy,3.505841016769409,4.768075,0.0,333.0,30.0
6691,multnoise_0.30000000000000004,energy,3.338758945465088,8.72504,0.0,178.0,12.0
6692,multnoise_0.30000000000000004,energy,3.051985502243042,15.621159,0.0,187.0,0.0
6693,multnoise_0.30000000000000004,energy,6.33403205871582,2.188293,0.0,30.0,8.0
6694,multnoise_0.30000000000000004,energy,3.537142276763916,2.7434335,0.0,400.0,6.0
6695,multnoise_0.30000000000000004,energy,6.132591247558594,6.633196,0.0,107.0,5.0
6696,multnoise_0.30000000000000004,energy,2.552565813064575,10.419836,0.0,204.0,34.0
6697,multnoise_0.30000000000000004,energy,4.740199565887451,2.9891088,0.0,158.0,38.0
6698,multnoise_0.30000000000000004,energy,4.4833784103393555,5.368452,0.0,196.0,12.0
6699,multnoise_0.30000000000000004,energy,2.4775500297546387,4.872158,0.0,435.0,61.0
6700,multnoise_0.30000000000000004,energy,1.8560775518417358,14.1072035,0.0,280.0,25.0
6701,multnoise_0.30000000000000004,energy,4.017663955688477,3.6112337,0.0,192.0,58.0
6702,multnoise_0.30000000000000004,energy,3.2522194385528564,4.904911,0.0,410.0,7.0
6703,multnoise_0.30000000000000004,energy,3.334359884262085,17.316504,0.0,84.0,0.0
6704,multnoise_0.30000000000000004,energy,4.337051868438721,0.6448359,1.0,297.0,21.0
6705,multnoise_0.30000000000000004,energy,3.745107889175415,10.801313,0.0,404.0,52.0
6706,multnoise_0.30000000000000004,energy,3.16051983833313,10.142398,0.0,151.0,44.0
6707,multnoise_0.30000000000000004,energy,3.3755669593811035,9.548695,0.0,244.0,2.0
6708,multnoise_0.30000000000000004,energy,2.7616097927093506,7.971453,0.0,388.0,4.0
6709,multnoise_0.30000000000000004,energy,3.4870681762695312,5.731451,0.0,2.0,7.0
6710,multnoise_0.30000000000000004,energy,4.777402400970459,2.186318,0.0,7.0,63.0
6711,multnoise_0.30000000000000004,energy,3.7676053047180176,3.1995378,0.0,302.0,14.0
6712,multnoise_0.30000000000000004,energy,5.448113441467285,7.2477574,0.0,85.0,42.0
6713,multnoise_0.30000000000000004,energy,4.248142719268799,10.423215,0.0,141.0,43.0
6714,multnoise_0.30000000000000004,energy,6.329772472381592,7.6439514,0.0,227.0,5.0
6715,multnoise_0.30000000000000004,energy,3.837573289871216,5.6851907,0.0,323.0,27.0
6716,multnoise_0.30000000000000004,energy,3.2317211627960205,5.300854,0.0,72.0,43.0
6717,multnoise_0.30000000000000004,energy,3.822610855102539,9.0454,0.0,155.0,52.0
6718,multnoise_0.30000000000000004,energy,2.5200417041778564,1.4421551,0.0,294.0,46.0
6719,multnoise_0.30000000000000004,energy,4.712449073791504,11.921069,0.0,301.0,7.0
6720,multnoise_0.30000000000000004,energy,3.307551145553589,4.3231463,0.0,249.0,3.0
6721,multnoise_0.30000000000000004,energy,3.8787975311279297,7.1837835,0.0,223.0,54.0
6722,multnoise_0.30000000000000004,energy,5.029129981994629,7.5271835,0.0,160.0,54.0
6723,multnoise_0.30000000000000004,energy,7.911486625671387,7.265337,0.0,399.0,31.0
6724,multnoise_0.30000000000000004,energy,2.7126193046569824,1.048917,1.0,11.0,47.0
6725,multnoise_0.30000000000000004,energy,3.498924493789673,2.8327045,0.0,146.0,63.0
6726,multnoise_0.30000000000000004,energy,2.9372594356536865,19.961456,0.0,397.0,36.0
6727,multnoise_0.30000000000000004,energy,3.669682741165161,1.449345,0.0,295.0,62.0
6728,multnoise_0.30000000000000004,energy,2.032958984375,7.3434057,0.0,116.0,23.0
6729,multnoise_0.30000000000000004,energy,3.337045192718506,4.178175,0.0,240.0,32.0
6730,multnoise_0.30000000000000004,energy,4.814582824707031,4.723237,0.0,303.0,38.0
6731,multnoise_0.30000000000000004,energy,4.619569301605225,18.141079,0.0,144.0,45.0
6732,multnoise_0.30000000000000004,energy,6.850966453552246,6.9285893,0.0,299.0,2.0
6733,multnoise_0.30000000000000004,energy,3.2855384349823,6.186716,0.0,164.0,60.0
6734,multnoise_0.30000000000000004,energy,3.955699920654297,12.34552,0.0,140.0,0.0
6735,multnoise_0.30000000000000004,energy,4.118915557861328,5.8532877,0.0,46.0,8.0
6736,multnoise_0.30000000000000004,energy,3.682908296585083,0.061805584,1.0,64.0,29.0
6737,multnoise_0.30000000000000004,energy,5.264046669006348,4.100625,0.0,381.0,41.0
6738,multnoise_0.30000000000000004,energy,5.184588432312012,0.28366083,1.0,289.0,9.0
6739,multnoise_0.30000000000000004,energy,3.676229953765869,0.09574999,1.0,368.0,56.0
6740,multnoise_0.30000000000000004,energy,3.45162296295166,1.3115282,0.0,70.0,8.0
6741,multnoise_0.30000000000000004,energy,2.697010040283203,18.614607,0.0,147.0,48.0
6742,multnoise_0.30000000000000004,energy,4.749073505401611,3.47011,0.0,143.0,61.0
6743,multnoise_0.30000000000000004,energy,3.50325345993042,4.224438,0.0,142.0,41.0
6744,multnoise_0.30000000000000004,energy,2.0315892696380615,3.0086174,0.0,433.0,46.0
6745,multnoise_0.30000000000000004,energy,3.348496913909912,4.213208,0.0,407.0,33.0
6746,multnoise_0.30000000000000004,energy,6.137789726257324,0.44487637,1.0,38.0,56.0
6747,multnoise_0.30000000000000004,energy,3.9695324897766113,6.3334327,0.0,268.0,60.0
6748,multnoise_0.30000000000000004,energy,4.826460838317871,8.361678,0.0,48.0,28.0
6749,multnoise_0.30000000000000004,energy,3.3477373123168945,7.3033895,0.0,432.0,1.0
6750,multnoise_0.30000000000000004,energy,3.8802995681762695,5.068507,0.0,387.0,31.0
6751,multnoise_0.30000000000000004,energy,3.4430336952209473,3.3116288,0.0,421.0,32.0
6752,multnoise_0.30000000000000004,energy,2.617434024810791,4.256029,0.0,355.0,31.0
6753,multnoise_0.30000000000000004,energy,4.149413585662842,9.950161,0.0,360.0,58.0
6754,multnoise_0.30000000000000004,energy,3.51297664642334,8.517015,0.0,394.0,16.0
6755,multnoise_0.30000000000000004,energy,5.446275234222412,8.520153,0.0,188.0,42.0
6756,multnoise_0.30000000000000004,energy,5.213881969451904,8.690588,0.0,254.0,31.0
6757,multnoise_0.30000000000000004,energy,5.2884111404418945,1.6556773,0.0,427.0,62.0
6758,multnoise_0.30000000000000004,energy,3.7477617263793945,4.9734592,0.0,431.0,32.0
6759,multnoise_0.30000000000000004,energy,3.529954671859741,6.017919,0.0,125.0,14.0
6760,multnoise_0.30000000000000004,energy,4.570849895477295,4.834572,0.0,47.0,61.0
6761,multnoise_0.30000000000000004,energy,8.682271003723145,4.244054,0.0,248.0,30.0
6762,multnoise_0.30000000000000004,energy,3.7104310989379883,12.660118,0.0,99.0,28.0
6763,multnoise_0.30000000000000004,energy,2.921260356903076,4.799369,0.0,136.0,30.0
6764,multnoise_0.30000000000000004,energy,5.724881172180176,10.051951,0.0,108.0,57.0
6765,multnoise_0.30000000000000004,energy,4.061172962188721,4.820342,0.0,92.0,4.0
6766,multnoise_0.30000000000000004,energy,2.027965545654297,7.2779274,0.0,414.0,55.0
6767,multnoise_0.30000000000000004,energy,4.452364921569824,14.268321,0.0,367.0,53.0
6768,multnoise_0.30000000000000004,energy,3.475955009460449,8.812174,0.0,18.0,52.0
6769,multnoise_0.30000000000000004,energy,3.4522955417633057,2.654039,0.0,286.0,63.0
6770,multnoise_0.30000000000000004,energy,3.746445655822754,4.4680934,0.0,298.0,61.0
6771,multnoise_0.30000000000000004,energy,3.8891100883483887,19.286026,0.0,170.0,36.0
6772,multnoise_0.30000000000000004,energy,3.9147050380706787,0.20890714,1.0,406.0,56.0
6773,multnoise_0.30000000000000004,energy,4.304435729980469,6.17933,0.0,272.0,4.0
6774,multnoise_0.30000000000000004,energy,3.2677674293518066,4.989123,0.0,380.0,30.0
6775,multnoise_0.30000000000000004,energy,4.660478115081787,10.601136,0.0,91.0,15.0
6776,multnoise_0.30000000000000004,energy,4.330451488494873,4.6591525,0.0,128.0,26.0
6777,multnoise_0.30000000000000004,energy,4.120457172393799,10.927466,0.0,413.0,60.0
6778,multnoise_0.30000000000000004,energy,4.636142730712891,11.171601,0.0,386.0,30.0
6779,multnoise_0.30000000000000004,energy,4.19953727722168,11.624269,0.0,110.0,20.0
6780,multnoise_0.30000000000000004,energy,4.565230369567871,4.1470356,0.0,23.0,61.0
6781,multnoise_0.30000000000000004,energy,3.7773852348327637,7.812776,0.0,402.0,23.0
6782,multnoise_0.30000000000000004,energy,3.8864824771881104,16.423826,0.0,173.0,15.0
6783,multnoise_0.30000000000000004,energy,3.64809513092041,10.308926,0.0,405.0,50.0
6784,multnoise_0.30000000000000004,energy,2.955352783203125,3.03829,0.0,59.0,12.0
6785,multnoise_0.30000000000000004,energy,7.075105667114258,10.314577,0.0,285.0,37.0
6786,multnoise_0.30000000000000004,energy,8.39668083190918,5.7603693,0.0,307.0,8.0
6787,multnoise_0.30000000000000004,energy,3.866175889968872,18.394402,0.0,126.0,48.0
6788,multnoise_0.30000000000000004,energy,4.499590873718262,9.519952,0.0,389.0,51.0
6789,multnoise_0.30000000000000004,energy,5.359944820404053,13.911922,0.0,202.0,53.0
6790,multnoise_0.30000000000000004,energy,3.5149106979370117,11.554124,0.0,329.0,18.0
6791,multnoise_0.30000000000000004,energy,2.359039783477783,7.395644,0.0,351.0,41.0
6792,multnoise_0.30000000000000004,energy,5.584376335144043,6.9179926,0.0,203.0,39.0
6793,multnoise_0.30000000000000004,energy,3.872127056121826,2.6284091,0.0,267.0,39.0
6794,multnoise_0.30000000000000004,energy,3.783761501312256,7.6747856,0.0,39.0,60.0
6795,multnoise_0.30000000000000004,energy,4.635919094085693,5.0924845,0.0,269.0,13.0
6796,multnoise_0.30000000000000004,energy,3.197997570037842,4.998061,0.0,208.0,4.0
6797,multnoise_0.30000000000000004,energy,3.256831169128418,7.332537,0.0,252.0,47.0
6798,multnoise_0.30000000000000004,energy,3.813190460205078,3.9836261,0.0,181.0,49.0
6799,multnoise_0.30000000000000004,energy,3.2174935340881348,9.145941,0.0,5.0,51.0
6800,multnoise_0.30000000000000004,energy,4.481527805328369,2.9562836,0.0,45.0,63.0
6801,multnoise_0.30000000000000004,energy,5.499475479125977,3.1802902,0.0,1.0,9.0
6802,multnoise_0.30000000000000004,energy,3.1495895385742188,4.007446,0.0,8.0,47.0
6803,multnoise_0.30000000000000004,energy,2.1506919860839844,10.447907,0.0,284.0,37.0
6804,multnoise_0.30000000000000004,energy,3.2550570964813232,7.1854477,0.0,362.0,18.0
6805,multnoise_0.30000000000000004,energy,5.073892116546631,2.2417877,0.0,63.0,62.0
6806,multnoise_0.30000000000000004,energy,2.769083023071289,8.683278,0.0,10.0,37.0
6807,multnoise_0.30000000000000004,energy,2.9914236068725586,3.0674143,0.0,337.0,43.0
6808,multnoise_0.30000000000000004,energy,4.199253559112549,3.135341,0.0,352.0,43.0
6809,multnoise_0.30000000000000004,energy,3.3217687606811523,4.5580835,0.0,261.0,11.0
6810,multnoise_0.30000000000000004,energy,4.586149215698242,8.660076,0.0,198.0,60.0
6811,multnoise_0.30000000000000004,energy,4.370046615600586,16.18706,0.0,420.0,57.0
6812,multnoise_0.30000000000000004,energy,3.0775020122528076,0.25071424,1.0,336.0,9.0
6813,multnoise_0.30000000000000004,energy,3.2007088661193848,12.488173,0.0,87.0,42.0
6814,multnoise_0.30000000000000004,energy,4.680239200592041,7.915366,0.0,241.0,10.0
6815,multnoise_0.30000000000000004,energy,3.8887276649475098,8.336117,0.0,42.0,58.0
6816,multnoise_0.30000000000000004,energy,3.543008804321289,0.562769,1.0,21.0,22.0
6817,multnoise_0.30000000000000004,energy,2.6361496448516846,18.29283,0.0,139.0,0.0
6818,multnoise_0.30000000000000004,energy,4.29008674621582,8.6451645,0.0,218.0,41.0
6819,multnoise_0.30000000000000004,energy,2.9067063331604004,6.0610127,0.0,74.0,51.0
6820,multnoise_0.30000000000000004,energy,3.0714337825775146,1.7665551,0.0,251.0,62.0
6821,multnoise_0.30000000000000004,energy,4.445387840270996,13.499855,0.0,172.0,48.0
6822,multnoise_0.30000000000000004,energy,3.4112892150878906,3.5749712,0.0,148.0,8.0
6823,multnoise_0.30000000000000004,energy,3.649313449859619,5.0882654,0.0,71.0,19.0
6824,multnoise_0.30000000000000004,energy,4.323603630065918,21.869745,0.0,177.0,45.0
6825,multnoise_0.30000000000000004,energy,3.1892998218536377,6.4802127,0.0,29.0,51.0
6826,multnoise_0.30000000000000004,energy,4.986582279205322,14.1079,0.0,118.0,53.0
6827,multnoise_0.30000000000000004,energy,4.100249290466309,4.44002,0.0,282.0,56.0
6828,multnoise_0.30000000000000004,energy,4.607274532318115,6.4510612,0.0,316.0,41.0
6829,multnoise_0.30000000000000004,energy,2.982083320617676,5.4837327,0.0,111.0,11.0
6830,multnoise_0.30000000000000004,energy,4.970531463623047,12.048881,0.0,409.0,15.0
6831,multnoise_0.30000000000000004,energy,2.0752546787261963,2.7996447,0.0,145.0,56.0
6832,multnoise_0.30000000000000004,energy,4.079222202301025,1.8884097,0.0,226.0,47.0
6833,multnoise_0.30000000000000004,energy,1.7079883813858032,7.47457,0.0,233.0,28.0
6834,multnoise_0.30000000000000004,energy,3.220165252685547,8.469782,0.0,256.0,7.0
6835,multnoise_0.30000000000000004,energy,2.99389910697937,7.953062,0.0,102.0,34.0
6836,multnoise_0.30000000000000004,energy,4.320242404937744,3.4038124,0.0,26.0,47.0
6837,multnoise_0.30000000000000004,energy,3.8755152225494385,7.470863,0.0,61.0,63.0
6838,multnoise_0.30000000000000004,energy,5.509945392608643,1.3218901,1.0,103.0,17.0
6839,multnoise_0.30000000000000004,energy,2.0723252296447754,0.93623835,1.0,79.0,22.0
6840,multnoise_0.30000000000000004,energy,3.853855609893799,5.544298,0.0,419.0,39.0
6841,multnoise_0.30000000000000004,energy,2.2954792976379395,4.9859276,0.0,117.0,59.0
6842,multnoise_0.30000000000000004,energy,4.397079944610596,16.973728,0.0,371.0,0.0
6843,multnoise_0.30000000000000004,energy,3.6379554271698,11.443985,0.0,199.0,2.0
6844,multnoise_0.30000000000000004,energy,3.5950143337249756,5.7747602,0.0,14.0,3.0
6845,multnoise_0.30000000000000004,energy,2.347543239593506,2.8343914,0.0,390.0,64.0
6846,multnoise_0.30000000000000004,energy,2.5243215560913086,5.768887,0.0,321.0,10.0
6847,multnoise_0.30000000000000004,energy,3.5142011642456055,3.106596,0.0,127.0,49.0
6848,multnoise_0.30000000000000004,energy,3.5869903564453125,5.281494,0.0,191.0,24.0
6849,multnoise_0.30000000000000004,energy,2.466060161590576,10.546283,0.0,123.0,57.0
6850,multnoise_0.30000000000000004,energy,3.195253372192383,13.164093,0.0,417.0,57.0
6851,multnoise_0.30000000000000004,energy,4.23074197769165,3.6668246,0.0,290.0,62.0
6852,multnoise_0.30000000000000004,energy,3.9231629371643066,9.12134,0.0,179.0,28.0
6853,multnoise_0.30000000000000004,energy,3.769066333770752,0.23709464,1.0,69.0,9.0
6854,multnoise_0.30000000000000004,energy,2.7829596996307373,5.729046,0.0,314.0,63.0
6855,multnoise_0.30000000000000004,energy,5.850356578826904,17.87995,0.0,359.0,48.0
6856,multnoise_0.30000000000000004,energy,3.4814865589141846,10.137287,0.0,292.0,15.0
6857,multnoise_0.30000000000000004,energy,2.548924207687378,3.3005943,0.0,168.0,9.0
6858,multnoise_0.30000000000000004,energy,3.2664856910705566,14.060237,0.0,62.0,57.0
6859,multnoise_0.30000000000000004,energy,4.023703098297119,5.1227827,0.0,169.0,62.0
6860,multnoise_0.30000000000000004,energy,4.156925201416016,9.839468,0.0,27.0,15.0
6861,multnoise_0.30000000000000004,energy,3.730393886566162,8.677229,0.0,221.0,18.0
6862,multnoise_0.30000000000000004,energy,4.574100494384766,8.510663,0.0,224.0,20.0
6863,multnoise_0.30000000000000004,energy,3.6635918617248535,7.219053,0.0,133.0,55.0
6864,multnoise_0.30000000000000004,energy,5.562392234802246,11.721536,0.0,53.0,57.0
6865,multnoise_0.30000000000000004,energy,3.273575782775879,3.5266383,0.0,31.0,24.0
6866,multnoise_0.30000000000000004,energy,2.705587863922119,8.582467,0.0,95.0,15.0
6867,multnoise_0.30000000000000004,energy,5.8299713134765625,5.6062746,0.0,137.0,3.0
6868,multnoise_0.30000000000000004,energy,6.529145240783691,5.0823,0.0,258.0,32.0
6869,multnoise_0.30000000000000004,energy,4.239774703979492,5.692993,0.0,212.0,31.0
6870,multnoise_0.30000000000000004,energy,3.1057791709899902,4.3790936,0.0,52.0,55.0
6871,multnoise_0.30000000000000004,energy,2.460365056991577,0.7025065,1.0,207.0,29.0
6872,multnoise_0.30000000000000004,energy,3.827193021774292,0.7259739,1.0,331.0,56.0
6873,multnoise_0.30000000000000004,energy,5.130096435546875,4.3794417,0.0,263.0,35.0
6874,multnoise_0.30000000000000004,energy,3.9590442180633545,0.7471988,1.0,345.0,21.0
6875,multnoise_0.30000000000000004,energy,2.1743695735931396,0.645067,1.0,308.0,21.0
6876,multnoise_0.30000000000000004,energy,5.284766674041748,4.7084613,0.0,94.0,34.0
6877,multnoise_0.30000000000000004,energy,3.2304458618164062,9.114612,0.0,44.0,17.0
6878,multnoise_0.30000000000000004,energy,3.378406047821045,10.008866,0.0,32.0,20.0
6879,multnoise_0.30000000000000004,energy,4.3826398849487305,4.6934514,0.0,66.0,60.0
6880,multnoise_0.30000000000000004,energy,3.8421685695648193,18.623466,0.0,291.0,25.0
6881,multnoise_0.30000000000000004,energy,5.739908695220947,4.4376583,0.0,277.0,12.0
6882,multnoise_0.30000000000000004,energy,2.4905309677124023,6.439016,0.0,82.0,11.0
6883,multnoise_0.30000000000000004,energy,6.462315559387207,7.81188,0.0,130.0,54.0
6884,multnoise_0.30000000000000004,energy,3.8298397064208984,3.5614522,0.0,365.0,6.0
6885,multnoise_0.30000000000000004,energy,4.0215864181518555,4.974259,0.0,216.0,22.0
6886,multnoise_0.30000000000000004,energy,6.228806495666504,6.6875324,0.0,200.0,40.0
6887,multnoise_0.30000000000000004,energy,3.0454282760620117,4.528123,0.0,68.0,61.0
6888,multnoise_0.30000000000000004,energy,2.476318359375,5.7869873,0.0,106.0,59.0
6889,multnoise_0.30000000000000004,energy,3.054975986480713,9.17612,0.0,19.0,28.0
6890,multnoise_0.30000000000000004,energy,14.256545066833496,4.531123,0.0,346.0,43.0
6891,multnoise_0.30000000000000004,energy,3.0013427734375,19.138794,0.0,296.0,48.0
6892,multnoise_0.30000000000000004,energy,4.607588768005371,6.640985,0.0,20.0,17.0
6893,multnoise_0.30000000000000004,energy,2.993854522705078,6.1905913,0.0,260.0,32.0
6894,multnoise_0.30000000000000004,energy,2.4363033771514893,4.9047623,0.0,104.0,13.0
6895,multnoise_0.30000000000000004,energy,4.348964691162109,4.575888,0.0,375.0,10.0
6896,multnoise_0.30000000000000004,energy,6.449726581573486,0.6587763,1.0,403.0,56.0
6897,multnoise_0.30000000000000004,energy,3.5398497581481934,8.385539,0.0,309.0,34.0
6898,multnoise_0.30000000000000004,energy,3.1186628341674805,2.3275619,0.0,166.0,63.0
6899,multnoise_0.30000000000000004,energy,3.876413583755493,1.3042837,1.0,315.0,6.0
6900,multnoise_0.30000000000000004,energy,3.5535192489624023,4.6883826,0.0,391.0,26.0
6901,multnoise_0.30000000000000004,energy,3.646641969680786,3.9187582,0.0,273.0,35.0
6902,multnoise_0.30000000000000004,energy,4.725610256195068,20.112137,0.0,243.0,45.0
6903,multnoise_0.30000000000000004,energy,3.448842763900757,8.648973,0.0,206.0,2.0
6904,multnoise_0.30000000000000004,energy,4.436224937438965,5.729387,0.0,197.0,52.0
6905,multnoise_0.30000000000000004,energy,3.765655040740967,3.54535,0.0,210.0,14.0
6906,multnoise_0.30000000000000004,energy,3.6338982582092285,8.482824,0.0,67.0,53.0
6907,multnoise_0.30000000000000004,energy,2.6906092166900635,3.9511209,0.0,278.0,46.0
6908,multnoise_0.30000000000000004,energy,3.9072372913360596,8.763245,0.0,374.0,20.0
6909,multnoise_0.30000000000000004,energy,3.9622907638549805,6.0780005,0.0,138.0,23.0
6910,multnoise_0.30000000000000004,energy,4.1981329917907715,10.279961,0.0,332.0,37.0
6911,multnoise_0.30000000000000004,energy,4.922224998474121,5.6506414,0.0,275.0,10.0
6912,multnoise_0.30000000000000004,energy,3.7134671211242676,5.9566574,0.0,262.0,62.0
6913,multnoise_0.30000000000000004,energy,3.5986547470092773,5.939185,0.0,274.0,15.0
6914,multnoise_0.30000000000000004,energy,3.7456185817718506,3.0871487,0.0,56.0,26.0
6915,multnoise_0.30000000000000004,energy,3.975790023803711,3.9020586,0.0,65.0,1.0
6916,multnoise_0.30000000000000004,energy,3.9230170249938965,7.686278,0.0,342.0,2.0
6917,multnoise_0.30000000000000004,energy,4.5540452003479,2.938429,0.0,119.0,46.0
6918,multnoise_0.30000000000000004,energy,4.221735954284668,0.34952405,1.0,57.0,29.0
6919,multnoise_0.30000000000000004,energy,5.432607173919678,5.135699,0.0,259.0,64.0
6920,multnoise_0.30000000000000004,energy,2.8404500484466553,5.232818,0.0,422.0,26.0
6921,multnoise_0.30000000000000004,energy,4.769635200500488,4.6373105,0.0,428.0,7.0
6922,multnoise_0.30000000000000004,energy,3.080138921737671,8.391682,0.0,305.0,54.0
6923,multnoise_0.30000000000000004,energy,3.2085323333740234,8.198406,0.0,77.0,48.0
6924,multnoise_0.30000000000000004,energy,5.146572589874268,6.625836,0.0,96.0,40.0
6925,multnoise_0.30000000000000004,energy,3.9084956645965576,7.261891,0.0,339.0,11.0
6926,multnoise_0.30000000000000004,energy,5.744332313537598,6.296119,0.0,313.0,14.0
6927,multnoise_0.30000000000000004,energy,4.834975242614746,8.266972,0.0,426.0,15.0
